166842368
167055360
277606400
277606400
277606400
277606400
277606400
279031808
279031808
279138304
280481792
326225920
280637440
281006080
281006080
357949440
285585408
282513408
282513408
282517504
282517504
286130176
282517504
282669056
282673152
283000832
283000832
292057088
283013120
283013120
283013120
301981696
283017216
283348992
283348992
283348992
283348992
349487104
283373568
283373568
283373568
283373568
283373568
283373568
283373568
283373568
291368960
283373568
283373568
283373568
283373568
283373568
283373568
283373568
359342080
283377664
283377664
283377664
359931904
283385856
283385856
359936000
283385856
283385856
283385856
283385856
283791360
283791360
283791360
283791360
283791360
283791360
360341504
283791360
283791360
283791360
283791360
283791360
352960512
283791360
283791360
283791360
283791360
283791360
283791360
355004416
283791360
283791360
283791360
283791360
308420608
283791360
323117056
283791360
360341504
283791360
283791360
293257216
283811840
348573696
283811840
283811840
283811840
283811840
332902400
283811840
283811840
283811840
283811840
283811840
283811840
283811840
283811840
283811840
283811840
283811840
283811840
283811840
283811840
283811840
283811840
283811840
283811840
283811840
360361984
283811840
283811840
336519168
283811840
283811840
283811840
283811840
283811840
283811840
283811840
283811840
283811840
297287680
283811840
283811840
283811840
283811840
283811840
283811840
283811840
283811840
360361984
360361984
283811840
283811840
283811840
283811840
283811840
283811840
283811840
283811840
283811840
283811840
283811840
283811840
318619648
283811840
283811840
283811840
283815936
283815936
284073984
284073984
284073984
284073984
341766144
284073984
284073984
284073984
284073984
284073984
284073984
284073984
284073984
284073984
284073984
284073984
284073984
284073984
284073984
284073984
284073984
284073984
284073984
284073984
318046208
284073984
286449664
284073984
284073984
284073984
284073984
284073984
284073984
284073984
284073984
284073984
284073984
284073984
310890496
284073984
360624128
284073984
321404928
284073984
284073984
360624128
284073984
284073984
284073984
344981504
284073984
284073984
284073984
284073984
284073984
284073984
284073984
284073984
292319232
284073984
284073984
284073984
284073984
284073984
284073984
284073984
284073984
284073984
284073984
284073984
284073984
284073984
305106944
284073984
306470912
284073984
284073984
284073984
284073984
284073984
284073984
284073984
284073984
288780288
284073984
284073984
284073984
284073984
284073984
284073984
347099136
284073984
284073984
284073984
284073984
284073984
284073984
284073984
338104320
284180480
284180480
284180480
284180480
284180480
284180480
284180480
284180480
284180480
284180480
330969088
284180480
284180480
284180480
284180480
360730624
284180480
284180480
307572736
298897408
284180480
284180480
284180480
284180480
284180480
360730624
284180480
284180480
284180480
284180480
284180480
320380928
284180480
284180480
284180480
308965376
284180480
284180480
284180480
284180480
360734720
284184576
284184576
284184576
284184576
284184576
360734720
284184576
284184576
284184576
299913216
284184576
284184576
352829440
284184576
284184576
284184576
320782336
284184576
284184576
284184576
360734720
284184576
284184576
284184576
284184576
284184576
284184576
284184576
284188672
284188672
284188672
284188672
284188672
284188672
284188672
284188672
284188672
284188672
295723008
284188672
284188672
360738816
284188672
284188672
284188672
284188672
284188672
284188672
284188672
284188672
284188672
284188672
284188672
284188672
284188672
284188672
284188672
284188672
284188672
284188672
284188672
284188672
284188672
284188672
360648704
284188672
357187584
284188672
284188672
284188672
284188672
284188672
284188672
284188672
284188672
284188672
340619264
284188672
284188672
284188672
284188672
284188672
360738816
284188672
284188672
284188672
284188672
352059392
284188672
284188672
284188672
359489536
284188672
284188672
284188672
284188672
284188672
284188672
284188672
284188672
284188672
284188672
284188672
284188672
284188672
284188672
360738816
284188672
284188672
284188672
284188672
284188672
331894784
284188672
284188672
284188672
284188672
284188672
284188672
284188672
284188672
299020288
284188672
284188672
284188672
284188672
360738816
284188672
360738816
284188672
339345408
284188672
284188672
284188672
284188672
284188672
284188672
284188672
284188672
360738816
284188672
316309504
284188672
284188672
284188672
360738816
284188672
284188672
284188672
284188672
332206080
284188672
360738816
284188672
284188672
284188672
284188672
284188672
284188672
284188672
284188672
284188672
284188672
284188672
360738816
284188672
284188672
284188672
284188672
284188672
284188672
284188672
311894016
323964928
284188672
284188672
284188672
284188672
284188672
305242112
284188672
284188672
284188672
284188672
284188672
284188672
284188672
284188672
284188672
284188672
284188672
284188672
284188672
284188672
328155136
284188672
284188672
284188672
284188672
284188672
284188672
307019776
284188672
284188672
360738816
284188672
284188672
284188672
360738816
284188672
284188672
296407040
284188672
284188672
284188672
360738816
284188672
284188672
284188672
284188672
284188672
284188672
284188672
284188672
305225728
284188672
284188672
284188672
284188672
284188672
284188672
284188672
360738816
284188672
284188672
284188672
331014144
284188672
284188672
284188672
360738816
284188672
284188672
284188672
326909952
284311552
360861696
284311552
284311552
292794368
284311552
284311552
284311552
360861696
284311552
284311552
284311552
284311552
284311552
284311552
284311552
284311552
284311552
294559744
284311552
284311552
284311552
284311552
284311552
360861696
284311552
284311552
284311552
284311552
284311552
360861696
284311552
284311552
307478528
284311552
284311552
284311552
284311552
284311552
360861696
284311552
284311552
284311552
360861696
284311552
284311552
284311552
284311552
284311552
284311552
284311552
284311552
284311552
284311552
284311552
284311552
333369344
284311552
284311552
284311552
332881920
284311552
284311552
284311552
284311552
360861696
284311552
284311552
284311552
284311552
284311552
284311552
284311552
284311552
284311552
284311552
284311552
284311552
294006784
284311552
355680256
284311552
284311552
284311552
284311552
284311552
284311552
284311552
284311552
284311552
284311552
284311552
284311552
284311552
284311552
284311552
284311552
284311552
284311552
360861696
284311552
284311552
345567232
284311552
284311552
360861696
284311552
284311552
284311552
284311552
284311552
284311552
284311552
360861696
284311552
284311552
284311552
284311552
284311552
284311552
284311552
284311552
284311552
284311552
360861696
284311552
284311552
284311552
284311552
360861696
284311552
284311552
284311552
312184832
284311552
284311552
284311552
284311552
284311552
284311552
284311552
284311552
284311552
291713024
284311552
284311552
284311552
284311552
284311552
284311552
284311552
284311552
284311552
284311552
284311552
322506752
284311552
360861696
284311552
284311552
284311552
284311552
360861696
284311552
284311552
360861696
284311552
284311552
284311552
306679808
284311552
284311552
284311552
360861696
284311552
284311552
284311552
284311552
284311552
284311552
284311552
284311552
284311552
294633472
284311552
284311552
335503360
284311552
284311552
284311552
284311552
284311552
284311552
360861696
284311552
284311552
284311552
284311552
284311552
284311552
284311552
284311552
284311552
284311552
284311552
284311552
284311552
284311552
284311552
284311552
284311552
284311552
284311552
284311552
284311552
360861696
284311552
284311552
284311552
284311552
284311552
284311552
284311552
284311552
284311552
332058624
284311552
284311552
284311552
284311552
360861696
307003392
284311552
284311552
290635776
287481856
284311552
284311552
284311552
300601344
284311552
284311552
284311552
284311552
284311552
360861696
284311552
284311552
284311552
284311552
346247168
284311552
284311552
284311552
284311552
284311552
321531904
284311552
284311552
319815680
284311552
291323904
284311552
284311552
284311552
284311552
284311552
284311552
284311552
284311552
284311552
284311552
284311552
360861696
284311552
284311552
284311552
284311552
284311552
284311552
284311552
325373952
284311552
284311552
284311552
360861696
284311552
284311552
284311552
284311552
284311552
326574080
360865792
284315648
284315648
284315648
284315648
284315648
325820416
284315648
284315648
349093888
284315648
284315648
284315648
284315648
284315648
284315648
284315648
284315648
284315648
284315648
357076992
284315648
284315648
284315648
284315648
284315648
284315648
284315648
296706048
284315648
284315648
284315648
284315648
284315648
360865792
284315648
284315648
284315648
288075776
284315648
284315648
319967232
284315648
284315648
284315648
284315648
284315648
284315648
284315648
284315648
284315648
284315648
284315648
284315648
360865792
284315648
284315648
284315648
284315648
284315648
326959104
284315648
284315648
360865792
284315648
284315648
284315648
291573760
284315648
284315648
284315648
352501760
284315648
360865792
284315648
284315648
284315648
284315648
360865792
284315648
360865792
284315648
284315648
284315648
284315648
284315648
284315648
284315648
284315648
284315648
284315648
284315648
284315648
284315648
284315648
284315648
284315648
284315648
284315648
284315648
284315648
284315648
284315648
284315648
284315648
284315648
284315648
284315648
360865792
284315648
284315648
284315648
284315648
284315648
284315648
284315648
284315648
284315648
284315648
284315648
284315648
284315648
360865792
284315648
284315648
284315648
284315648
284315648
284315648
284315648
284315648
284315648
284315648
284315648
284315648
284315648
316911616
284315648
284315648
284315648
284315648
284315648
284315648
284315648
307195904
284315648
284315648
284315648
284315648
284315648
284315648
284315648
284315648
284315648
284315648
284315648
284315648
284315648
284315648
284315648
284315648
284315648
284315648
284315648
284315648
284315648
284315648
284315648
284315648
284315648
284315648
360865792
284315648
284315648
284315648
333729792
284315648
336097280
284315648
284315648
284315648
284315648
284315648
284315648
335032320
284315648
284315648
284315648
284315648
297426944
284315648
284315648
284315648
284315648
284315648
350126080
284315648
284315648
284315648
321933312
284315648
284315648
284315648
284315648
284315648
284315648
284315648
284315648
337879040
284315648
284315648
357793792
284315648
284315648
284315648
284315648
284315648
360865792
284315648
284315648
284315648
291360768
284315648
284315648
284315648
284315648
299982848
284332032
284332032
284332032
284332032
284332032
284332032
284332032
284332032
284332032
284332032
284332032
284332032
284332032
284332032
284332032
360882176
284332032
284332032
284332032
284332032
284332032
284332032
284332032
284332032
343007232
287666176
287666176
287666176
287666176
287666176
287666176
287666176
287666176
287666176
287666176
303595520
287666176
287666176
364216320
287666176
287666176
287666176
287666176
287666176
287666176
287666176
287666176
287666176
287666176
287666176
364216320
287666176
357601280
287666176
287666176
287666176
287666176
287666176
308707328
287666176
287666176
344354816
287666176
287666176
287666176
350769152
287666176
287666176
287666176
287666176
287666176
364216320
287666176
287666176
340295680
287666176
287666176
287666176
287666176
287666176
287666176
287666176
287666176
287666176
287666176
287666176
364216320
287666176
287666176
304594944
287666176
287666176
287666176
287666176
287666176
287666176
287666176
287666176
287666176
287666176
287666176
287666176
287666176
364216320
287666176
287666176
287666176
364216320
287666176
287666176
287666176
287666176
287666176
287666176
287666176
287666176
287666176
287666176
287666176
287666176
287666176
287666176
287666176
287666176
287666176
352256000
287666176
287666176
306450432
287666176
287666176
287666176
287666176
364216320
287666176
287666176
287666176
287666176
287666176
287666176
287666176
287666176
287666176
287666176
287666176
364216320
287666176
287666176
287666176
287666176
287666176
287666176
287666176
287666176
324804608
287666176
287666176
287666176
287666176
287666176
287666176
287666176
287666176
287666176
287666176
364216320
287666176
364216320
287666176
287666176
287666176
287666176
287666176
287666176
287666176
287666176
287666176
287666176
322891776
287666176
287666176
287666176
287666176
287666176
287666176
287666176
301568000
287666176
287666176
344670208
287666176
287666176
287666176
287666176
287666176
287666176
287666176
287666176
287666176
313880576
287666176
287666176
287666176
287666176
287666176
287666176
287666176
287666176
287666176
287666176
287666176
287666176
287666176
287666176
287666176
287666176
287666176
287666176
287666176
287666176
358281216
287666176
364216320
287666176
287666176
309686272
287666176
326144000
287666176
287666176
287666176
287666176
287666176
287666176
287666176
301297664
287666176
287666176
287666176
287666176
287666176
287666176
326463488
287666176
287666176
287666176
364216320
287666176
353800192
287666176
287666176
287666176
287666176
287666176
287666176
364216320
287666176
364212224
301297664
287666176
364216320
287666176
287666176
287666176
287666176
287666176
290811904
287666176
287666176
287666176
287666176
287666176
360738816
297103360
287666176
287666176
287666176
287666176
287666176
287666176
287666176
287666176
287666176
287666176
287666176
320172032
287666176
287666176
287666176
287666176
364216320
287666176
336949248
287666176
287666176
287666176
287666176
287666176
287666176
297103360
287666176
287666176
287666176
287666176
287666176
364216320
287666176
295006208
287666176
287666176
287666176
287666176
287666176
292909056
287666176
287666176
287666176
287666176
287666176
287666176
287666176
287666176
287666176
287666176
287666176
326463488
287666176
287666176
287666176
287666176
287666176
364216320
287666176
287666176
287666176
287666176
287666176
287666176
310222848
287666176
287666176
287666176
287666176
287666176
287666176
304459776
287666176
287666176
287666176
335159296
287666176
287666176
287666176
287666176
287666176
364216320
287666176
287666176
291893248
287666176
287666176
287666176
287666176
287666176
287666176
287666176
287666176
364216320
307978240
287666176
336379904
287666176
287666176
287666176
287666176
287666176
287666176
287666176
287666176
287666176
287666176
287666176
287666176
287666176
287666176
287666176
287666176
287666176
287666176
287666176
310906880
287666176
287666176
287666176
287666176
287666176
287666176
287666176
287666176
287666176
287666176
287666176
287666176
299892736
287666176
287666176
287666176
287666176
364216320
287666176
287666176
287666176
287666176
287666176
287666176
364216320
287666176
287666176
287666176
364216320
287666176
287666176
287666176
287666176
287666176
287666176
287666176
287666176
287666176
287666176
287666176
287666176
287666176
287666176
287666176
287666176
287666176
287666176
287666176
322129920
287666176
287666176
287666176
287666176
287666176
345083904
287666176
287666176
287666176
287666176
306814976
287666176
287666176
287666176
287666176
312365056
287666176
287666176
287666176
287666176
287666176
287666176
287666176
287666176
287666176
364216320
287666176
287666176
287666176
287666176
287666176
287666176
364216320
287666176
287666176
287666176
287666176
287666176
287666176
287666176
287666176
353705984
287666176
287666176
287666176
287666176
287666176
287666176
287666176
287666176
287666176
287666176
287666176
287666176
287666176
287666176
304574464
287666176
287666176
287666176
287666176
287666176
287666176
287666176
287666176
287666176
353198080
287666176
287666176
287666176
287666176
287666176
287666176
287666176
287666176
287666176
287666176
287666176
287666176
287666176
287666176
287666176
287666176
287666176
287666176
287666176
287666176
287666176
364216320
287666176
287666176
349188096
287666176
287666176
287666176
287666176
345231360
287666176
287666176
320249856
287666176
287666176
364216320
287666176
287666176
287666176
287666176
287666176
287666176
287666176
287666176
287666176
287666176
360833024
287666176
287666176
287666176
287666176
287666176
287666176
287666176
287666176
287666176
287666176
287666176
287666176
287666176
287666176
287666176
287666176
287666176
364216320
287666176
287666176
287666176
287666176
287666176
287666176
287666176
287666176
287666176
287666176
361754624
287666176
287666176
287666176
287666176
287666176
287666176
287666176
287666176
320843776
287666176
287666176
287666176
287666176
359235584
303198208
287666176
287666176
287666176
287666176
287666176
287666176
287666176
287666176
364216320
287666176
287666176
287666176
287666176
287666176
287666176
287666176
287666176
287666176
287666176
287666176
287666176
287666176
287666176
287666176
287666176
287666176
287666176
324714496
287666176
287666176
287666176
287666176
287666176
287666176
287666176
287666176
364216320
287666176
287666176
287666176
287666176
364216320
287666176
287666176
287666176
287666176
287666176
287666176
287666176
287666176
287666176
287666176
287666176
287666176
287666176
357519360
287666176
287666176
287666176
364216320
287666176
287666176
287666176
349626368
330338304
287666176
287666176
287666176
287666176
287666176
287666176
287666176
287666176
287666176
287666176
287666176
294297600
287666176
287666176
287666176
287666176
287666176
287666176
287666176
287666176
287666176
287666176
287666176
287666176
287666176
287666176
287666176
304484352
287666176
287666176
287666176
357404672
287666176
287666176
287666176
287666176
287666176
287666176
287666176
287666176
305623040
287666176
287666176
287666176
287666176
287666176
364216320
287666176
287666176
287666176
341962752
287666176
287666176
287666176
361402368
287666176
287666176
287666176
347496448
318701568
287666176
287666176
287666176
287666176
287666176
287666176
287666176
287666176
364216320
287666176
287666176
287666176
287666176
287666176
287666176
287666176
287666176
287666176
347004928
311922688
287666176
287666176
287666176
287666176
364216320
287666176
287666176
287666176
287666176
287666176
287666176
287666176
287666176
343781376
287666176
287666176
287666176
364216320
287666176
287666176
287666176
364216320
287666176
287666176
287666176
350580736
312836096
287666176
287666176
287666176
293883904
287666176
287666176
287666176
364216320
298217472
287666176
287666176
287666176
364216320
287666176
287666176
287666176
287666176
287666176
287666176
287666176
287666176
287666176
287666176
315371520
287666176
287666176
287666176
347394048
287666176
287666176
287666176
287666176
360308736
320413696
287666176
287666176
287666176
287666176
287666176
287666176
287666176
287666176
287666176
287666176
287666176
287666176
287666176
359383040
300007424
287666176
287666176
287666176
364216320
287666176
287666176
287666176
304463872
287666176
287666176
287666176
287666176
287666176
287666176
364216320
287666176
287666176
318046208
287666176
287666176
287666176
287666176
287666176
307273728
287666176
287666176
287666176
287666176
287666176
287666176
287666176
287666176
287666176
287666176
287666176
287666176
287666176
287666176
287666176
287666176
287666176
287666176
287666176
364216320
287666176
287666176
287666176
287666176
287666176
311091200
287666176
287666176
287666176
287666176
287666176
287666176
287666176
364216320
287666176
338567168
287666176
287666176
342851584
287666176
287666176
287666176
301715456
287666176
287666176
287666176
287666176
299364352
287666176
287666176
287666176
330612736
287666176
287666176
364216320
287666176
364216320
287666176
287666176
287666176
287666176
287666176
287666176
287666176
287666176
287666176
287666176
287666176
287666176
287666176
364216320
287666176
287666176
287666176
287666176
287666176
287666176
287666176
287666176
287666176
287666176
287666176
306507776
287666176
364216320
287666176
287666176
326299648
287666176
287666176
287666176
287666176
287666176
287666176
287666176
287666176
287666176
287666176
287666176
287666176
287666176
287666176
287666176
287666176
287666176
287666176
287666176
287666176
287666176
287666176
346214400
287666176
287666176
364216320
309415936
287666176
287666176
287666176
287666176
287666176
287666176
287666176
341372928
287666176
287666176
287666176
287666176
299810816
287666176
287666176
287666176
287666176
287666176
287666176
287666176
322510848
287666176
287666176
287666176
287666176
287666176
287666176
287666176
287666176
364216320
287666176
287666176
287666176
287666176
287666176
287666176
287666176
287666176
287666176
287666176
287666176
287666176
340668416
287666176
287666176
357806080
287666176
287666176
287666176
287666176
287666176
287666176
287666176
337223680
287666176
287666176
287666176
287666176
287666176
287666176
287666176
287666176
355287040
287666176
364216320
287666176
287666176
287666176
287666176
287666176
287666176
287666176
287666176
287666176
287666176
287666176
287666176
306159616
287666176
287666176
287666176
287666176
287666176
287666176
287666176
364216320
287666176
287666176
287666176
287666176
287666176
287666176
287666176
287666176
287666176
287666176
364216320
287666176
287666176
287666176
287666176
287666176
287666176
287666176
308772864
287666176
287666176
287666176
364216320
287666176
287666176
287666176
287666176
328912896
287666176
287666176
287666176
287666176
287666176
364216320
287666176
287666176
287666176
287666176
287666176
287666176
287666176
364216320
287666176
287666176
331812864
287666176
287666176
287666176
287666176
287666176
287666176
287666176
335671296
