16171008
16637952
16736256
16777216
16777216
16805888
16805888
16805888
16805888
79622144
189775872
194568192
282386432
338055168
538075136
497664000
553439232
593203200
654544896
706723840
700129280
651153408
802435072
833613824
758652928
720199680
757489664
747896832
778723328
860704768
885170176
910958592
913707008
912617472
966959104
1024143360
954056704
942018560
1025028096
969969664
947052544
987762688
1064550400
1060290560
1083604992
1035018240
1019805696
1088319488
1072623616
1060982784
1110855680
1081290752
1075126272
1074831360
1121665024
1130835968
1221767168
1171435520
1148276736
1188798464
1210933248
1193336832
1216864256
1251774464
1278025728
1177591808
1274523648
1134829568
1165246464
1144745984
1140011008
1183789056
1248567296
1248145408
1280442368
1258680320
1224372224
1207484416
1249832960
1150697472
1170862080
1249456128
1314390016
1323737088
1241362432
1172062208
1221648384
1221885952
1238908928
1144561664
1164779520
1249914880
1198587904
1192570880
1216598016
1226510336
1203392512
1223139328
1181683712
1182085120
1189838848
1233321984
1356947456
1300180992
1337135104
1265238016
1324773376
1384726528
1312235520
1222508544
1225052160
1182371840
1168113664
1257689088
1430806528
1325789184
1337679872
1343275008
1240915968
1127624704
1117687808
1024155648
1074470912
1161920512
1205297152
1147256832
1248460800
1144975360
1232965632
1269510144
1222119424
1173774336
1128239104
1226559488
1278078976
1170505728
1230884864
1234849792
1154912256
1154519040
1154174976
1157582848
1215778816
1181331456
1088819200
1144352768
1196929024
1211047936
1293819904
1157177344
1164451840
1154580480
1263517696
1186291712
1230696448
1189756928
1184403456
1178533888
1177878528
1202216960
1244815360
1140195328
1121185792
1111064576
1063219200
1123360768
1063788544
1063747584
1087414272
1125965824
1111535616
1086955520
1096437760
1142034432
1128394752
1115516928
1056346112
1129160704
1084960768
1201569792
1093607424
1086390272
1129115648
1121132544
1121218560
1151414272
1100349440
1117122560
1139933184
1112834048
1168482304
1144168448
1163161600
1078882304
1100374016
1223766016
1114845184
1177108480
1166778368
1137627136
1090699264
1149665280
1227583488
1139638272
1179004928
1243545600
1115115520
1200037888
1127878656
1145458688
1127043072
1187000320
1149706240
1114923008
1114337280
1189167104
1171832832
1151758336
1133531136
1192636416
1114243072
1145327616
1129320448
1162362880
1162973184
1198280704
1147465728
1142743040
1176227840
1116024832
1161588736
1128566784
1125855232
1250902016
1115238400
1175494656
1139470336
1177448448
1123348480
1129607168
1128345600
1131831296
1099403264
1059303424
1107939328
1162321920
1078411264
1056428032
1169399808
1100222464
1067806720
1175769088
1214005248
1098846208
1129836544
1051873280
1077280768
1159925760
1098838016
1079685120
1121607680
1178329088
1075474432
1147908096
1066811392
1123094528
1051885568
1142587392
1178910720
1051877376
1099317248
1075400704
1076531200
1109725184
1075400704
1127428096
1158369280
1116102656
1148821504
1092100096
1143775232
1150812160
1092259840
1092210688
1159471104
1092997120
1175646208
1152663552
1189986304
1123385344
1134264320
1125769216
1198833664
1141161984
1126850560
1103478784
1129271296
1191346176
1198067712
1079783424
1080164352
1211342848
1137303552
1128685568
1104314368
1206521856
1141334016
1136021504
1180082176
1104105472
1115709440
1135091712
1131229184
1116729344
1206808576
1152950272
1142185984
1203212288
1153077248
1148387328
1188343808
1104293888
1126117376
1103720448
1127755776
1118986240
1153699840
1155629056
1121357824
1103642624
1146699776
1164648448
1103659008
1164664832
1156878336
1127129088
1127993344
1110867968
1080324096
1234898944
1114337280
1136381952
1197649920
1127170048
1080143872
1140355072
1192808448
1186353152
1231073280
1127993344
1127923712
1084469248
1153232896
1085554688
1174540288
1124708352
1164251136
1141264384
1189470208
1128538112
1115643904
1160101888
1117048832
1133002752
1140482048
1127178240
1129967616
1165504512
1080246272
1187475456
1175977984
1080172544
1167237120
1193840640
1113628672
1103597568
1134739456
1104420864
1103728640
1088684032
1106755584
1126625280
1161756672
1141026816
1140547584
1155874816
1127231488
1164713984
1181315072
1105543168
1146880000
1127104512
1153671168
1080168448
1171394560
1136848896
1127923712
1140387840
1143631872
1156554752
1160978432
1104879616
1218502656
1153413120
1103818752
1233698816
1080090624
1091964928
1210884096
1080176640
1187188736
1188372480
1104216064
1227329536
1151057920
1080557568
1124130816
1162629120
1090310144
1151094784
1080651776
1162858496
1152765952
1106984960
1121992704
1141219328
1150885888
1115783168
1100533760
1127616512
1153826816
1140068352
1163313152
1135554560
1136914432
1162043392
1363648512
1162313728
1196380160
1104158720
1183551488
1179545600
1114091520
1117413376
1139675136
1226563584
1108844544
1176883200
1155174400
1127440384
1102209024
1144238080
1111502848
1128169472
1114304512
1140682752
1110491136
1080664064
1170706432
1165062144
1128378368
1090928640
1166372864
1151791104
1104150528
1117343744
1118507008
1158729728
1112682496
1141669888
1123295232
1146535936
1153335296
1152233472
1111044096
1116946432
1169489920
1151311872
1113382912
1185640448
1104195584
1141207040
1154478080
1104408576
1132797952
1140924416
1091043328
1175109632
1117483008
1168805888
1151197184
1104265216
1214009344
1145896960
1184956416
1128177664
1104281600
1138102272
1127673856
1207087104
1210834944
1093668864
1244241920
1090174976
1093140480
1178542080
1161682944
1137893376
1173393408
1260539904
1201401856
1146130432
1122713600
1222414336
1171013632
1170747392
1150423040
1137463296
1225392128
1201729536
1197301760
1215692800
1113858048
1184444416
1237090304
1211285504
1164812288
1165762560
1158053888
1160806400
1156423680
1140609024
1197694976
1160847360
1258045440
1174179840
1166811136
1188761600
1176944640
1198936064
1174306816
1149476864
1203187712
1142968320
1160937472
1254031360
1156464640
1176707072
1190322176
1146060800
1156841472
1246580736
1210466304
1143119872
1176199168
1221234688
1143267328
1119862784
1214316544
1166598144
1143160832
1195233280
1234489344
1185161216
1180094464
1220849664
1213673472
1187827712
1206431744
1229369344
1179090944
1168429056
1119744000
1218940928
1220980736
1186426880
1217122304
1228754944
1211518976
1176412160
1253318656
1228382208
1266511872
1283047424
1151295488
1213607936
1145315328
1172701184
1229410304
1213325312
1227657216
1224056832
1203707904
1205465088
1194663936
1196744704
1231147008
1217150976
1252155392
1148665856
1172250624
1191292928
1185488896
1209454592
1218560000
1229201408
1185177600
1276465152
1226289152
1172484096
1200291840
1204531200
1311764480
1278775296
1174069248
1209368576
1202601984
1217335296
1264721920
1219432448
1245052928
1224646656
1193549824
1231159296
1181110272
1185128448
1149157376
1258545152
1232805888
1274105856
1149153280
1257050112
1231687680
1174380544
1176674304
1191350272
1182564352
1226039296
1243369472
1210150912
1192235008
1192538112
1149476864
1256759296
1185320960
1219514368
1209946112
1172656128
1148948480
1203318784
1189916672
1220198400
1229553664
1149034496
1149030400
1225129984
1172492288
1188249600
1172594688
1200545792
1233530880
1240977408
1158578176
1206497280
1173266432
1220386816
1221914624
1222172672
1209360384
1209290752
1149038592
1221353472
1280831488
1227751424
1203884032
1162125312
1200095232
1200648192
1149042688
1206054912
1173213184
1173217280
1196036096
1173229568
1193537536
1158623232
1220308992
1207214080
1199693824
1235365888
1190096896
1148997632
1185927168
1222672384
1179471872
1159884800
1162772480
1226436608
1173180416
1149120512
1233219584
1322635264
1178931200
1203101696
1178959872
1227759616
1252311040
1200852992
1213476864
1202536448
1239949312
1271447552
1223966720
1221152768
1218613248
1262059520
1215614976
1178275840
1226838016
1329868800
1239433216
1226117120
1233428480
1170935808
1264087040
1216753664
1178923008
1253027840
1239805952
1154707456
1245274112
1274257408
1220837376
1229385728
1189412864
1174814720
1290903552
1197895680
1282768896
1225158656
1253347328
1258643456
1305174016
1290063872
1161166848
1221111808
1263489024
1178894336
1204334592
1287692288
1186242560
1289830400
1238396928
1202827264
1189105664
1139748864
1174827008
1196720128
1230942208
1132273664
1179172864
1146044416
1205911552
1192726528
1216483328
1181818880
1202728960
1267642368
1268961280
1272369152
1173311488
1297338368
1157644288
1193336832
1234382848
1183543296
1207910400
1156538368
1180704768
1181818880
1180663808
1215959040
1216036864
1227747328
1223831552
1167548416
1182306304
1186500608
1184137216
1194962944
1216737280
1168994304
1204191232
1214181376
1228369920
1218150400
1217544192
1133215744
1245151232
1248415744
1196064768
1186807808
1235316736
1249087488
1149997056
1174167552
1247518720
1198428160
1215242240
1150078976
1179672576
1278627840
1222938624
1274122240
1150078976
1174327296
1192169472
1186877440
1222770688
1224867840
1278337024
1159614464
1234780160
1251549184
1276129280
1233371136
1208995840
1173803008
1247453184
1175023616
1236115456
1246375936
1239597056
1199501312
1195417600
1174237184
1237606400
1275260928
1239220224
1244811264
1236762624
1198473216
1197400064
1248677888
1191559168
1235345408
1161818112
1217499136
1174441984
1203351552
1222123520
1195008000
1233571840
1209454592
1150226432
1252442112
1207025664
1235386368
1150267392
1204875264
1249132544
1174409216
1175592960
1200390144
1259331584
1230856192
1209270272
1250603008
1198542848
1234771968
1204998144
1174364160
1175506944
1211359232
1316200448
1272942592
1196412928
1252917248
1238028288
1150193664
1173753856
1150308352
1259606016
1175511040
1220136960
1254002688
1267425280
1216512000
1256443904
1192652800
1181765632
1228185600
1219977216
1230983168
1173606400
1213538304
1222791168
1210560512
1209692160
1222270976
1187028992
1198657536
1174405120
1177608192
1224933376
1150263296
1233993728
1208365056
1215901696
1211834368
1256751104
1206972416
1175642112
1210679296
1235386368
1200689152
1213853696
1174372352
1183993856
1235349504
1211248640
1260765184
1179426816
1223966720
1227997184
1235398656
1197961216
1189605376
1150189568
1229344768
1195921408
1198055424
1211166720
1174368256
1211170816
1211027456
1255522304
1244815360
1195024384
1173712896
1190154240
1178955776
1186041856
1249165312
1174364160
1187037184
1157632000
1211248640
1309532160
1230053376
1210265600
1272152064
1215750144
1183039488
1234903040
1176858624
1221828608
1169227776
1174446080
1219796992
1174413312
1170190336
1187041280
1194442752
1198632960
1248018432
1186385920
1205088256
1235427328
1199177728
1219567616
1187037184
1222922240
1150152704
1186095104
1261748224
1170128896
1195581440
1204346880
1190318080
1211207680
1183952896
1211211776
1211248640
1176674304
1180868608
1173688320
1189335040
1174368256
1174368256
1180942336
1224454144
1233231872
1287274496
1174339584
1232314368
1201913856
1295220736
1213849600
1199816704
1246416896
1173835776
1263964160
1189777408
1211207680
1198596096
1203568640
1223962624
1190629376
1253785600
1228414976
1232699392
1198100480
1187237888
1263693824
1179455488
1222795264
1174347776
1174454272
1174491136
1235394560
1219162112
1205784576
1282027520
1215127552
1150283776
1288896512
1223733248
1196539904
1223839744
1174450176
1248141312
1245884416
1208098816
1219198976
1172357120
1228820480
1311989760
1224679424
1155547136
1239977984
1198583808
1180778496
1198587904
1150353408
1281204224
1156579328
1186086912
1223475200
1198628864
1219846144
1207185408
1174372352
1176838144
1246466048
1150164992
1153560576
1259077632
1252589568
1248911360
1208995840
1304363008
1256235008
1233338368
1234534400
1222148096
1184870400
1201016832
1314803712
1155133440
1170489344
1282863104
1216667648
1187921920
1173774336
1222803456
1150435328
1277317120
1219493888
1182203904
1198833664
1198624768
1198751744
1267679232
1286414336
1186967552
1155592192
1290686464
1188155392
1174544384
1208774656
1220935680
1174499328
1224089600
1155592192
1174425600
1174544384
1203773440
1241620480
1251069952
1198800896
1271382016
1243295744
1235980288
1173925888
1222066176
1174417408
1191407616
1187037184
1239871488
1227288576
1276538880
1220235264
1283895296
1238315008
1270943744
1163980800
1168207872
1208553472
1175572480
1189421056
1265635328
1199828992
1180823552
1283710976
1298960384
1238142976
1198632960
1243291648
1204150272
1186406400
1183301632
1233920000
1258958848
1180852224
1212440576
1187012608
1153536000
1262624768
1151385600
1202368512
1271721984
1189720064
1227763712
1275068416
1199747072
1197498368
1212080128
1212080128
1243774976
1218535424
1214087168
1231040512
1174413312
1226059776
1235427328
1221672960
1150242816
1199828992
1198071808
1226108928
1262997504
1187016704
1205002240
1249841152
1234415616
1244905472
1263714304
1210474496
1224818688
1212903424
1198100480
1202221056
1170305024
1245024256
1203462144
1174388736
1199874048
1275146240
1207205888
1207963648
1208139776
1198067712
1198063616
1192394752
1150279680
1212612608
1197981696
1197826048
1243246592
1235480576
1174499328
1237250048
1150160896
1222111232
1174417408
1166106624
1198374912
1207287808
1180708864
1150275584
1197993984
1247875072
1187004416
1189777408
1211265024
1174376448
1175605248
1248018432
1174421504
1175617536
1198149632
1271906304
1241640960
1167269888
1240059904
1187708928
1207451648
1199788032
1174433792
1199087616
1174421504
1174454272
1199169536
1205698560
1174458368
1216434176
1150328832
1246093312
1183715328
1240764416
1235394560
1150201856
1176383488
1211260928
1180749824
1214550016
1200361472
1202991104
1150316544
1258954752
1227493376
1150279680
1235972096
1198108672
1200693248
1150197760
1197510656
1300262912
1194283008
1200611328
1176518656
1178296320
1173762048
1174458368
1187041280
1174417408
1155584000
1261838336
1257336832
1150291968
1197940736
1210568704
1174466560
1173667840
1191227392
1201205248
1187028992
1222828032
1150169088
1153163264
1197879296
1150238720
1208492032
1199792128
1199792128
1197264896
1224433664
1150214144
1150328832
1211219968
1174380544
1220308992
1248223232
1198596096
1150242816
1231216640
1150279680
1221480448
1150205952
1150287872
1175531520
1150279680
1201418240
1174458368
1232596992
1199828992
1182892032
1225383936
1221263360
1150205952
1173762048
1222184960
1198645248
1209094144
1150210048
1150238720
1222434816
1272991744
1214271488
1233481728
1174421504
1199042560
1259651072
1173721088
1234096128
1278541824
1150205952
1183076352
1187090432
1174503424
1222291456
1150251008
1197932544
1222696960
1240674304
1174536192
1235406848
1163743232
1256296448
1229438976
1173659648
1174376448
1202995200
1227137024
1199742976
1197928448
1206075392
1150193664
1178951680
1174380544
1201319936
1150156800
1199788032
1150242816
1186959360
1174413312
1210658816
1150201856
1199091712
1206083584
1150242816
1210572800
1176772608
1202454528
1187004416
1166036992
1184763904
1234755584
1173733376
1187004416
1214238720
1178570752
1153445888
1173762048
1197891584
1210429440
1150279680
1217949696
1159823360
1197240320
1174949888
1210056704
1210429440
1150197760
1174536192
1268142080
1253679104
1180672000
1174499328
1161920512
1233276928
1174425600
1174511616
1243992064
1173712896
1173762048
1199788032
1150324736
1198641152
1150197760
1198714880
1198325760
1214455808
1150201856
1165160448
1285804032
1243344896
1254367232
1209831424
1173753856
1202274304
1198055424
1254948864
1174376448
1174417408
1179897856
1189359616
1259331584
1221767168
1204310016
1197367296
1173729280
1150238720
1174454272
1156337664
1187000320
1185124352
1212411904
1210650624
1180975104
1198641152
1173676032
1201811456
1251627008
1223770112
1152696320
1243688960
1175121920
1235910656
1221431296
1236062208
1191223296
1209335808
1173848064
1235582976
1163927552
1150283776
1200578560
1152544768
1214545920
1171419136
1173688320
1186226176
1173692416
1221509120
1199468544
1187008512
1175736320
1302192128
1184419840
1150201856
1206489088
1247551488
1193562112
1182011392
1150197760
1173716992
1227939840
1237893120
1241899008
1234456576
1211060224
1173766144
1197883392
1177927680
1211305984
1227014144
1150320640
1257635840
1254707200
1151574016
1216913408
1244110848
1210519552
1201057792
1174544384
1187381248
1150533632
1193091072
1253511168
1178976256
1156104192
1198247936
1150631936
1211678720
1197629440
1200132096
1150578688
1208295424
1150586880
1174224896
1257799680
1251917824
1171394560
1217224704
1187426304
1217019904
1228955648
1150578688
1240535040
1169686528
1268080640
1243942912
1150660608
1197654016
1174106112
1192660992
1174450176
1166454784
1174065152
1155743744
1200230400
1217990656
1150590976
1168130048
1193336832
1153949696
1232572416
1173483520
1150623744
1174056960
1174839296
1210953728
1201123328
1174249472
1262088192
1211695104
1216483328
1197756416
1282056192
1194184704
1174097920
1210859520
1174077440
1247670272
1248366592
1211559936
1202790400
1197617152
1186885632
1174048768
1174155264
1247772672
1173958656
1202925568
1270829056
1206083584
1150738432
1273090048
1227177984
1150627840
1229778944
1200406528
1184223232
1211645952
1270468608
1150541824
1162108928
1150664704
1159655424
1187475456
1259212800
1201934336
1184038912
1150623744
1221177344
1297207296
1290674176
1206800384
1174151168
1174110208
1170726912
1239416832
1171505152
1165455360
1197617152
1174126592
1221095424
1174040576
1203511296
1256943616
1171542016
1174257664
1241669632
1174114304
1247461376
1197596672
1194569728
1198333952
1210253312
1199718400
1221111808
1220988928
1174122496
1200365568
1234374656
1150586880
1199509504
1244893184
1211260928
1174233088
1244635136
1210830848
1150623744
1180274688
1197531136
1225248768
1197617152
1199988736
1150586880
1188904960
1197604864
1272172544
1223991296
1174122496
1220091904
1259872256
1229398016
1150623744
1174085632
1195479040
1234415616
1196351488
1150578688
1185607680
1281724416
1182666752
1150951424
1208197120
1174069248
1168023552
1237663744
1190514688
1301401600
1150824448
1150705664
1226366976
1197580288
1198866432
1150537728
1220866048
1178796032
1198473216
1180995584
1210327040
1228607488
1198338048
1150705664
1233289216
1232654336
1199087616
1239326720
1186512896
1240993792
1170268160
1244565504
1228132352
1210462208
1150664704
1210892288
1174147072
1221156864
1193152512
1193115648
1174147072
1211031552
1197596672
1174151168
1216921600
1257865216
1212112896
1175392256
1219416064
1198522368
1222615040
1247657984
1174171648
1204805632
1187348480
1174200320
1229524992
1174081536
1177423872
1221193728
1276088320
1173245952
1196924928
1320509440
1268678656
1150590976
1223450624
1255514112
1150590976
1178382336
1242263552
1231994880
1255559168
1174130688
1239396352
1211060224
1168625664
1199079424
1150590976
1174155264
1187377152
1197658112
1192505344
1209511936
1188478976
1206366208
1150668800
1237602304
1239068672
1150545920
1174147072
1213886464
1222098944
1174204416
1203081216
1211355136
1172074496
1265471488
1218871296
1246384128
1183682560
1150722048
1268154368
1193857024
1150689280
1246068736
1194823680
1194749952
1245736960
1273348096
1242656768
1203097600
1150603264
1174237184
1243176960
1260359680
1150599168
1199104000
1187401728
1164066816
1192443904
1202974720
1259016192
1150636032
1211666432
1174183936
1197694976
1197588480
1185214464
1174126592
1225445376
1197649920
1211453440
1240125440
1153691648
1187454976
1174228992
1245298688
1176031232
1286873088
1221562368
1164427264
1234759680
1186729984
1249636352
1173192704
1246679040
1241587712
1174175744
1204985856
1220931584
1174081536
1177735168
1189601280
1174065152
1211699200
1251971072
1216925696
1174089728
1189998592
1272369152
1243045888
1150722048
1260187648
1235030016
1176920064
1198485504
1210978304
1257435136
1205669888
1150611456
1198305280
1164382208
1244557312
1175924736
1173692416
1187373056
1150648320
1246031872
1174777856
1193709568
1245294592
1187475456
1221906432
1235611648
1188540416
1191071744
1211011072
1227591680
1186406400
1217392640
1232842752
1206378496
1190027264
1213722624
1221885952
1203445760
1229660160
1176387584
1150726144
1222037504
1196875776
1173233664
1236529152
1211756544
1203404800
1174343680
1211662336
1174773760
1221107712
1232658432
1216274432
1178202112
1174859776
1236254720
1168486400
1245462528
1197744128
1150603264
1169756160
1273176064
1205719040
1150689280
1255686144
1186611200
1241681920
1242632192
1201344512
1209708544
1200513024
1150763008
1247731712
1174110208
1158971392
1196314624
1269985280
1202348032
1186123776
1200103424
1211080704
1204973568
1236058112
1208688640
1205784576
1183956992
1181192192
1210875904
1150722048
1248849920
1228025856
1254555648
1198301184
1167409152
1259749376
1200029696
1150693376
1198235648
1182777344
1232199680
1248174080
1184468992
1198419968
1201983488
1153859584
1150771200
1242259456
1182654464
1198952448
1271050240
1150648320
1173028864
1267044352
1240272896
1211711488
1210970112
1174122496
1174212608
1211015168
1214570496
1150652416
1203933184
1150607360
1178140672
1176023040
1187483648
1150652416
1187581952
1247027200
1160273920
1244626944
1235152896
1188134912
1182765056
1150775296
1244721152
1253576704
1174224896
1197789184
1221009408
1162985472
1150697472
1224130560
1150660608
1197662208
1174163456
1246674944
1198735360
1150693376
1270001664
1174138880
1155559424
1197645824
1197662208
1250635776
1167167488
1183715328
1234395136
1174138880
1179738112
1203191808
1174863872
1258557440
1221599232
1197670400
1197690880
1174183936
1166327808
1234472960
1217028096
1174167552
1180774400
1183358976
1150693376
1224597504
1197654016
1150697472
1244585984
1165905920
1174142976
1210916864
1211797504
1197600768
1179545600
1228869632
1197645824
1150726144
1197772800
1187409920
1150685184
1213636608
1174183936
1197707264
1174220800
1197658112
1150652416
1197588480
1217454080
1174114304
1197334528
1170665472
1174200320
1223024640
1175674880
1188999168
1210433536
1198833664
1203576832
1164492800
1229246464
1150615552
1167060992
1258536960
1211297792
1174134784
1234415616
1150648320
1197678592
1252605952
1194348544
1210925056
1150619648
1159782400
1174237184
1257914368
1209262080
1150693376
1218064384
1187450880
1183379456
1211019264
1238945792
1215348736
1226801152
1335615488
1150652416
1187577856
1223122944
1197629440
1187536896
1150652416
1216360448
1199468544
1180766208
1221128192
1224163328
1150730240
1184964608
1173647360
1248403456
1150652416
1191645184
1234587648
1214488576
1180983296
1150693376
1197711360
1174163456
1177407488
1174196224
1197694976
1197744128
1231409152
1211052032
1240350720
1224790016
1211441152
1174138880
1150742528
1214570496
1158221824
1174216704
1197600768
1174056960
1174216704
1186328576
1150812160
1287233536
1161293824
1234427904
1164017664
1211084800
1150775296
1255108608
1175449600
1197748224
1221165056
1187418112
1213911040
1233575936
1150623744
1174212608
1199001600
1186496512
1150783488
1221156864
1211023360
1197559808
1187446784
1174237184
1282555904
1206235136
1175379968
1227874304
1150689280
1242738688
1150611456
1150652416
1200250880
1212780544
1216430080
1174171648
1197731840
1197678592
1197772800
1185087488
1227706368
1280561152
1179533312
1211174912
1231273984
1155018752
1174171648
1184534528
1210982400
1174192128
1197641728
1187459072
1197744128
1199079424
1191788544
1150652416
1197756416
1235886080
1197776896
1204842496
1174179840
1235484672
1188782080
1212301312
1180151808
1235226624
1178329088
1174200320
1206939648
1213337600
1175420928
1150693376
1201537024
1187508224
1218129920
1174130688
1198886912
1161748480
1319960576
1293471744
1202728960
1207857152
1174163456
1150660608
1198686208
1224019968
1184514048
1226211328
1185845248
1244299264
1282650112
1252589568
1215836160
1293406208
1258020864
1241698304
1251573760
1241997312
1241595904
1209274368
1221357568
1174302720
1234497536
1174147072
1164001280
1187586048
1238695936
1195655168
1273675776
1221115904
1318596608
1235259392
1237549056
1212858368
1217466368
1193365504
1150894080
1197887488
1315790848
1276772352
1203646464
1210032128
1174257664
1150812160
1174392832
1244770304
1197801472
1174302720
1198141440
1197883392
1263767552
1211826176
1243410432
1273856000
1234669568
1196150784
1150730240
1151393792
1203585024
1244565504
1272786944
1237475328
1150816256
1150930944
1150894080
1234620416
1184821248
1211191296
1170182144
1174339584
1220792320
1222651904
1232605184
1174274048
1150816256
1242193920
1221263360
1198202880
1208147968
1197723648
1150816256
1197793280
1198411776
1174343680
1197817856
1175183360
1152598016
1283096576
1290682368
1271042048
1211101184
1197445120
1226911744
1171726336
1195368448
1292599296
1189855232
1189933056
1169121280
1174265856
1174384640
1174241280
1162563584
1259315200
1316323328
1174265856
1197826048
1211187200
1174274048
1154555904
1197834240
1197740032
1150730240
1195974656
1227067392
1308123136
1224339456
1224343552
1174392832
1263443968
1223815168
1221369856
1181167616
1260421120
1231474688
1150783488
1209339904
1217351680
1227448320
1216712704
1174421504
1251979264
1249419264
1187586048
1174183936
1202954240
1212907520
1197846528
1295663104
1229787136
1153196032
1215635456
1197871104
1224601600
1217200128
1182720000
1197780992
1174245376
1197854720
1176715264
1174376448
1268293632
1253314560
1232760832
1236836352
1200414720
1150812160
1200451584
1150771200
1150889984
1256235008
1229471744
1197817856
1197846528
1208844288
1211199488
1270693888
1301762048
1231138816
1207615488
1156698112
1173975040
1207898112
1168150528
1211097088
1215590400
1345212416
1225801728
1225883648
1243852800
1285042176
1360605184
1245700096
1237282816
1241444352
1267081216
1264934912
1241456640
1258668032
1198280704
1234653184
1257385984
1174294528
1202024448
1198080000
1211125760
1174245376
1221263360
1318371328
1237848064
1214410752
1268158464
1274417152
1225150464
1270321152
1276805120
1193304064
1197854720
1231499264
1315188736
1216356352
1239920640
1227231232
1150812160
1267736576
1305100288
1286397952
1334001664
1248395264
1275613184
1261613056
1285042176
1265283072
1215815680
1174241280
1219162112
1244798976
1187528704
1150849024
1203871744
1174253568
1177722880
1254338560
1197834240
1187741696
1181974528
1290022912
1254526976
1330163712
1217859584
1211240448
1165070336
1234141184
1257955328
1214603264
1150894080
1202565120
1286483968
1255022592
1231138816
1174343680
1205170176
1236221952
1176850432
1189584896
1197461504
1174380544
1244930048
1325289472
1294663680
1239457792
1241128960
1150742528
1151016960
1244819456
1279164416
1264619520
1238093824
1150820352
1174241280
1150808064
1204084736
1212907520
1260048384
1297149952
1261613056
1224458240
1183977472
1203392512
1218572288
1197785088
1187573760
1174171648
1174323200
1200271360
1245749248
1240383488
1150812160
1231917056
1257852928
1257762816
1265008640
1266171904
1218727936
1170939904
1186795520
1197768704
1181028352
1205211136
1307508736
1252831232
1202577408
1209995264
1249112064
1333071872
1311338496
1272164352
1198845952
1235812352
1169969152
1157734400
1194389504
1157500928
1169547264
1204412416
1168596992
1170763776
1154363392
1249296384
1216409600
1239728128
1214889984
1217560576
1263751168
1175101440
1162383360
1275109376
1187663872
1234599936
1154359296
1194061824
1201401856
1289838592
1261547520
1251704832
1235714048
1279918080
1169838080
1195483136
1151074304
1174659072
1239044096
1203380224
1200336896
1187540992
1161224192
1231646720
1255129088
1321586688
1278644224
1329225728
1278685184
1323114496
1245986816
1235210240
1171316736
1253195776
1275027456
1227464704
1220321280
1201623040
1298792448
1279053824
1242300416
1254453248
1167933440
1238061056
1277906944
1209765888
1202991104
1144512512
1260380160
1287311360
1196290048
1196875776
1181925376
1244958720
1124061184
1142009856
1223991296
1230417920
1150771200
1184931840
1194962944
1154932736
1181630464
1179770880
1265201152
1228632064
1244831744
1333784576
1288912896
1273401344
1217933312
1154826240
1167101952
1188683776
1273102336
1281941504
1239011328
1240854528
1219276800
1189044224
1174753280
1208131584
1218727936
1315528704
1238892544
1229844480
1203130368
1259909120
1281126400
1328054272
1328054272
1326284800
1315520512
1232916480
1263493120
1252179968
1196548096
1290444800
1256951808
1284395008
1245057024
1275248640
1297100800
1291882496
1313730560
1251614720
1292955648
1220648960
1178738688
1155297280
1166974976
1244618752
1324748800
1241817088
1230622720
1208926208
1230852096
1291866112
1286246400
1151496192
1221386240
1270337536
1245986816
1292988416
1361297408
1333215232
1241841664
1191632896
1246285824
1282490368
1244856320
1293012992
1247072256
1232965632
1144483840
1143250944
1163415552
1220710400
1301098496
1339854848
1386668032
1189179392
1240150016
1226153984
1173155840
1225732096
1217564672
1154011136
1189171200
1295781888
1239343104
1239855104
1176018944
1212825600
1207533568
1176100864
1212227584
1272471552
1236398080
1259868160
1309319168
1252073472
1292976128
1231298560
1222909952
1261203456
1338945536
1263448064
1228095488
1279152128
1193103360
1217290240
1188102144
1191251968
1217187840
1220038656
1193349120
1311449088
1318649856
1283952640
1270222848
1256161280
1213739008
1253789696
1212039168
1165148160
1264992256
1232220160
1179627520
1200144384
1276231680
1317253120
1291333632
1350324224
1198989312
1204371456
1203785728
1234239488
1188962304
1140117504
1264041984
1249259520
1272250368
1202462720
1227902976
1361739776
1260875776
1264619520
1231998976
1228288000
1295462400
1319563264
1183436800
1231609856
1230295040
1286791168
1183285248
1227034624
1206906880
1183485952
1294815232
1274519552
1243852800
1289404416
1265893376
1308073984
1331556352
1369227264
1466646528
1234780160
1231200256
1328754688
1295785984
1323593728
1267826688
1329188864
1332805632
1422934016
1393782784
1392840704
1332793344
1243402240
1243893760
1220427776
1302016000
1258942464
1247379456
1267769344
1329311744
1301090304
1239306240
1305092096
1277501440
1290821632
1254219776
1277476864
1299697664
1250852864
1346531328
1259327488
1275641856
1239515136
1299349504
1388351488
1272967168
1294852096
1341759488
1334583296
1390010368
1362194432
1321623552
1305350144
1344561152
1335226368
1355571200
1250111488
1244864512
1201287168
1254133760
1358774272
1314209792
1244405760
1264918528
1251704832
1254633472
1283059712
1345458176
1358815232
1374744576
1404321792
1323253760
1352269824
1352269824
1383288832
1349955584
1217880064
1247903744
1295908864
1286602752
1249710080
1349177344
1416257536
1322143744
1244889088
1228292096
1263329280
1296527360
1345961984
1338253312
1344946176
1326059520
1456066560
1364578304
1259880448
1277284352
1302708224
1360257024
1392533504
1383436288
1374486528
1422786560
1399435264
1324052480
1320857600
1339088896
1217871872
1254961152
1239363584
1383383040
1312825344
1321357312
1241784320
1376690176
1412907008
1229910016
1222262784
1235886080
1282404352
1296678912
1259876352
1315409920
1340530688
1288921088
1240805376
1243439104
1246031872
1403592704
1391513600
1331281920
1318211584
1294856192
1356242944
1351426048
1371512832
1325387776
1307754496
1298743296
1352122368
1355665408
1316204544
1391996928
1359052800
1310707712
1347489792
1282547712
1325146112
1217953792
1262231552
1252651008
1332473856
1337835520
1255677952
1279209472
1274728448
1290760192
1259147264
1247006720
1255575552
1271963648
1353728000
1339195392
1327443968
1260879872
1331662848
1334779904
1325723648
1299984384
1300066304
1453207552
1388957696
1276420096
1328787456
1304969216
1330348032
1429200896
1415872512
1304240128
1318326272
1368678400
1382871040
1416929280
1356632064
1457872896
1280720896
1290452992
1310224384
1312112640
1312153600
1402200064
1335881728
1312313344
1335873536
1359085568
1340465152
1288851456
1315217408
1314889728
1304219648
1399349248
1408790528
1339789312
1312329728
1299894272
1402863616
1355935744
1381376000
1480441856
1389543424
1381158912
1381281792
1454682112
1419890688
1433362432
1414295552
1332903936
1283854336
1289273344
1407537152
1261105152
1318768640
1237549056
1331036160
1333792768
1370476544
1366040576
1365704704
1218453504
1240596480
1299304448
1304166400
1265975296
1213374464
1219067904
1305292800
1361715200
1420083200
1284792320
1232805888
1260134400
1294557184
1206525952
1166413824
1183158272
1177726976
1237942272
1230499840
1247920128
1276973056
1218887680
1195806720
1235099648
1283112960
1325305856
1299849216
1254715392
1216106496
1326182400
1383075840
1303801856
1266790400
1313857536
1313210368
1325744128
1349271552
1356357632
1418403840
1258897408
1266294784
1269960704
1318871040
1258409984
1190363136
1235705856
1310019584
1272156160
1272979456
1295708160
1380298752
1323462656
1269190656
1304596480
1246072832
1222365184
1198133248
1195626496
1233289216
1328398336
1328726016
1219330048
1219330048
1288445952
1366716416
1362833408
1430290432
1326104576
1427554304
1377456128
1348808704
1275551744
1352949760
1418702848
1428508672
1429852160
1371791360
1351643136
1416302592
1394053120
1208401920
1270161408
1324969984
1317183488
1282916352
1223471104
1279410176
1259716608
1215643648
1217691648
1211424768
1202741248
1202782208
1293742080
1405005824
1384185856
1315631104
1317044224
1225547776
1264984064
1228656640
1320833024
1286418432
1276198912
1241743360
1359609856
1407516672
1394491392
1387692032
1301659648
1308602368
1400147968
1322491904
1434284032
1449988096
1386065920
1323147264
1383510016
1378734080
1298710528
1409241088
1340338176
1309143040
1322012672
1319403520
1353805824
1377067008
1470373888
1379328000
1344421888
1281687552
1423482880
1471877120
1342533632
1386950656
1367973888
1471377408
1433305088
1409363968
1468866560
1463083008
1384472576
1315954688
1402970112
1401544704
1317806080
1356406784
1333874688
1395376128
1441411072
1388142592
1285341184
1377366016
1411858432
1349677056
1330061312
1253376000
1421443072
1338384384
1366581248
1330073600
1320562688
1374756864
1365712896
1330114560
1302192128
1285857280
1247555584
1337569280
1275625472
1277997056
1302200320
1351225344
1313333248
1307869184
1378009088
1337069568
1345323008
1309868032
1358344192
1394405376
1258622976
1268133888
1260204032
1423978496
1465229312
1452503040
1312649216
1314000896
1356382208
1461522432
1339604992
1360347136
1301336064
1336180736
1415397376
1440030720
1381122048
1308798976
1275887616
1358606336
1405448192
1452363776
1446518784
1421373440
1460649984
1354235904
1347096576
1286348800
1202827264
1314324480
1313554432
1300709376
1328762880
1305378816
1357373440
1278222336
1286344704
1243873280
1241059328
1339596800
1331216384
1259663360
1183956992
1322905600
1367822336
1369440256
1361453056
1386631168
1391329280
1253556224
1206689792
1388593152
1333448704
1136316416
1212866560
1301356544
1287892992
1197682688
1293901824
1402753024
1305501696
1214341120
1277476864
1379942400
1316401152
1218686976
1147084800
1246654464
1284009984
1257590784
1321889792
1270624256
1240260608
1318027264
1270333440
1372471296
1298878464
1241661440
1276534784
1290100736
1211826176
1256820736
1312985088
1330888704
1245622272
1275895808
1227186176
1327521792
1175539712
1289166848
1266974720
1289359360
1322422272
1322491904
1292546048
1354821632
1284632576
1376727040
1352826880
1358610432
1352826880
1376301056
1437609984
1376841728
1358626816
1330561024
1328013312
1404702720
1457143808
1306533888
1282863104
1249943552
1290092544
1342218240
1383809024
1344643072
1390845952
1363501056
1322176512
1389096960
1364484096
1357864960
1303343104
1319923712
1284165632
1294123008
1314828288
1279836160
1290272768
1324695552
1301766144
1367158784
1408024576
1401171968
1328951296
1314578432
1293967360
1364484096
1467252736
1335697408
1391190016
1376002048
1304059904
1334263808
1362833408
1291866112
1368031232
1409699840
1370005504
1291354112
1323900928
1301938176
1311121408
1439166464
1361530880
1290498048
1298317312
1310564352
1354084352
1308872704
1319882752
1307226112
1320259584
1299820544
1336467456
1304092672
1276620800
1217986560
1241563136
1285550080
1416003584
1250627584
1285414912
1298632704
1285349376
1253634048
1221095424
1291698176
1373470720
1308471296
1260544000
1291456512
1278111744
1281179648
1416957952
1277394944
1241276416
1241477120
1313378304
1345417216
1368858624
1305001984
1253675008
1241427968
1261821952
1308778496
1355493376
1251381248
1224859648
1271857152
1317736448
1383878656
1333309440
1253617664
1281933312
1311854592
1329016832
1345957888
1287426048
1312985088
1334427648
1277173760
1334304768
1297465344
1297661952
1401159680
1284149248
1270259712
1241513984
1265463296
1271017472
1289031680
1315074048
1350762496
1219104768
1262563328
1252102144
1296973824
1322074112
1298186240
1264119808
1262366720
1262362624
1238880256
1306841088
1366519808
1366560768
1390034944
1361993728
1260838912
1282535424
1259134976
1259216896
1301262336
1285197824
1304780800
1233948672
1344184320
1336451072
1312059392
1292476416
1245585408
1244819456
1285406720
1211887616
1243287552
1237991424
1303240704
1278390272
1253466112
1270722560
1299734528
1276178432
1252708352
1236918272
1286397952
1356210176
1369743360
1319051264
1304776704
1308549120
1255309312
1217896448
1292292096
1323130880
1288339456
1293803520
1328132096
1359757312
1241362432
1231704064
1280188416
1356029952
1238446080
1241526272
1243312128
1243389952
1355112448
1217871872
1229832192
1276809216
1354362880
1373437952
1376182272
1276788736
1202778112
1269444608
1292918784
1292918784
1361195008
1304793088
1299009536
1288159232
1376989184
1432068096
1389621248
1326637056
1303285760
1322229760
1411993600
1440817152
1403092992
1282924544
1285361664
1380675584
1320849408
1405878272
1308639232
1353199616
1399500800
1332744192
1342275584
1390514176
1437499392
1377304576
1382821888
1323876352
1371848704
1373323264
1282768896
1303683072
1365200896
1372819456
1403928576
1351495680
1357864960
1312358400
1300570112
1346404352
1318645760
1333698560
1354907648
1365184512
1325215744
1295859712
1371123712
1336147968
1217875968
1301020672
1267658752
1245077504
1229336576
1308028928
1326608384
1283227648
1253978112
1253564416
1340436480
1305010176
1345495040
1365647360
1244442624
1316020224
1269739520
1274191872
1278504960
1361780736
1354063872
1307471872
1255960576
1275969536
1310445568
1341812736
1306800128
1306660864
1284141056
1282965504
1352499200
1449226240
1291190272
1298055168
1361145856
1409372160
1364987904
1433153536
1489698816
1536704512
1458675712
1548546048
1409232896
1332875264
1383886848
1520529408
1482350592
1404882944
1413537792
1395593216
1473060864
1410777088
1405267968
1469964288
1540460544
1505312768
1466531840
1417601024
1548484608
1503137792
1507569664
1510604800
1526231040
1477885952
1540845568
1484279808
1545723904
1524338688
1557647360
1611665408
1535062016
1519665152
1488076800
1544032256
1536987136
1526898688
1495605248
1536147456
1567375360
1533104128
1605185536
1511677952
1484390400
1501941760
1522307072
1518264320
1488621568
1503719424
1602547712
1568985088
1569107968
1532502016
1553854464
1521278976
1594089472
1532973056
1540935680
1617297408
1517498368
1460248576
1459556352
1447657472
1517297664
1511112704
1506316288
1557053440
1527701504
1536434176
1515417600
1513668608
1497595904
1509265408
1404665856
1368793088
1444773888
1511231488
1442385920
1414340608
1425690624
1485082624
1486864384
1482956800
1464573952
1419735040
1441378304
1444274176
1474945024
1495511040
1404981248
1469845504
1509433344
1516044288
1432047616
1483763712
1444212736
1475985408
1503604736
1402720256
1319424000
1337389056
1403826176
1361616896
1341558784
1366892544
1452982272
1384951808
1423380480
1386708992
1383870464
1359765504
1393643520
1336840192
1448030208
1416552448
1332817920
1352859648
1360650240
1374879744
1347600384
1380655104
1406480384
1515765760
1427951616
1440194560
1444225024
1377800192
1458778112
1449050112
1427423232
1487429632
1477943296
1437962240
1483464704
1469878272
1491808256
1442762752
1413410816
1423085568
1455226880
1500037120
1536831488
1473757184
1401188352
1387728896
1370107904
1301831680
1354797056
1392803840
1398509568
1430732800
1370226688
1403314176
1389252608
1391345664
1398566912
1433579520
1546629120
1452933120
1464274944
1477701632
1486376960
1453596672
1405448192
1510670336
1450590208
1388355584
1517699072
1576943616
1471438848
1475985408
1454510080
1433178112
1494765568
1426579456
1473949696
1499787264
1440583680
1451479040
1438154752
1417478144
1421864960
1460535296
1466220544
1428987904
1465643008
1498193920
1510768640
1517699072
1438175232
1489784832
1504727040
1448714240
1528053760
1577107456
1568010240
1580285952
1491865600
1548402688
1419264000
1412026368
1468985344
1532796928
1539747840
1368936448
1468542976
1465942016
1454866432
1384361984
1391415296
1446244352
1470926848
1423949824
1409064960
1475555328
1462448128
1467625472
1453944832
1496641536
1469898752
1443880960
1478438912
1520074752
1575170048
1490558976
1496621056
1499504640
1418366976
1451384832
1433669632
1546792960
1470627840
1433276416
1518608384
1431969792
1480962048
1430339584
1494167552
1467142144
1459683328
1463025664
1422782464
1449172992
1410490368
1529946112
1483530240
1431486464
1491337216
1488138240
1516097536
1475461120
1542819840
1497399296
1464025088
1465585664
1452408832
1487970304
1522937856
1520054272
1459261440
1429037056
1439182848
1489268736
1463939072
1420869632
1399377920
1376870400
1424482304
1367121920
1362296832
1477054464
1393094656
1370324992
1400115200
1550954496
1571368960
1465786368
1488961536
1493897216
1556754432
1406435328
1371406336
1479401472
1517641728
1512779776
1441501184
1415135232
1388920832
1320427520
1382047744
1441079296
1385791488
1452744704
1439211520
1398038528
1411784704
1381933056
1475293184
1456091136
1399824384
1393782784
1412210688
1574170624
1528475648
1417281536
1443454976
1479274496
1433292800
1464229888
1357684736
1367015424
1348542464
1425059840
1358733312
1338392576
1412812800
1348292608
1381974016
1459716096
1398353920
1403518976
1345867776
1378586624
1435320320
1339600896
1375694848
1407668224
1547968512
1385459712
1399857152
1383084032
1407504384
1382866944
1413656576
1419771904
1345912832
1353510912
1366851584
1349812224
1378930688
1443553280
1350389760
1356484608
1363386368
1316823040
1416380416
1398235136
1370361856
1341091840
1388773376
1374068736
1330470912
1365037056
1421852672
1358438400
1360523264
1341255680
1420627968
1364840448
1362255872
1415008256
1370742784
1411854336
1405980672
1442762752
1356791808
1363222528
1402941440
1363218432
1373188096
1379532800
1428836352
1380491264
1360121856
1304256512
1345216512
1345589248
1359085568
1359384576
1318838272
1410564096
1475129344
1417768960
1373581312
1334489088
1329278976
1436028928
1443860480
1355390976
1391874048
1373245440
1366233088
1333149696
1386819584
1451692032
1333071872
1362460672
1401057280
1356333056
1373454336
1356890112
1399988224
1349447680
1374412800
1457037312
1432420352
1405423616
1417134080
1399799808
1349898240
1328017408
1396592640
1397411840
1380118528
1320755200
1380667392
1307430912
1345859584
1412128768
1330905088
1363746816
1369268224
1317568512
1312542720
1385447424
1344208896
1322401792
1358172160
1371152384
1482747904
1458917376
1419620352
1481199616
1510338560
1441452032
1464557568
1496854528
1532932096
1469812736
1493528576
1564712960
1443348480
1470337024
1521975296
1476464640
1443352576
1476022272
1396948992
1342521344
1401151488
1375191040
1368268800
1353310208
1445339136
1339105280
1360453632
1399775232
1328222208
1397997568
1356423168
1389142016
1360830464
1416159232
1325461504
1323020288
1366593536
1392259072
1389789184
1352450048
1411444736
1322979328
1366126592
1363415040
1343549440
1381445632
1347739648
1359609856
1364606976
1328144384
1386479616
1372282880
1361768448
1333587968
1371922432
1395400704
1380028416
1368981504
1394933760
1359822848
1368813568
1446633472
1407381504
1375404032
1400905728
1346506752
1370542080
1382723584
1364733952
1381974016
1360936960
1383829504
1352282112
1359216640
1385463808
1338724352
1395572736
1368920064
1378484224
1427091456
1344368640
1385762816
1365749760
1337028608
1420791808
1399369728
1377382400
1396482048
1373364224
1364062208
1301680128
1331888128
1338097664
1345196032
1360031744
1331929088
1338826752
1330458624
1356206080
1330327552
1338912768
1409794048
1421193216
1353920512
1355218944
1307201536
1352323072
1356046336
1350025216
1334743040
1327116288
1439731712
1369022464
1350037504
1312886784
1410969600
1415217152
1347706880
1370365952
1340686336
1360134144
1328435200
1364897792
1395564544
1357484032
1386532864
1388519424
1391448064
1381003264
1351176192
1427861504
1366740992
1387020288
1387958272
1395388416
1394860032
1343234048
1385484288
1351360512
1460318208
1422155776
1323765760
1405186048
1390661632
1362038784
1383899136
1359962112
1403944960
1387696128
1349992448
1365233664
1360400384
1375510528
1365692416
1405566976
1323757568
1345974272
1410379776
1435914240
1382404096
1342042112
1462784000
1418539008
1338404864
1426870272
1357643776
1344339968
1372688384
1366130688
1411694592
1438027776
1364611072
1324179456
1365757952
1381265408
1373024256
1339207680
1429164032
1414332416
1363476480
1426923520
1360781312
1331122176
1365028864
1409531904
1335787520
1369153536
1338277888
1321103360
1416081408
1398796288
1346318336
1398558720
1381355520
1372315648
1360207872
1367085056
1430212608
1354526720
1398931456
1407369216
1474048000
1361440768
1438093312
1371402240
1320738816
1330487296
1314738176
1309855744
1326989312
1316651008
1286250496
1298198528
1329786880
1365491712
1271586816
1323384832
1317310464
1342607360
1316392960
1283731456
1311145984
1372090368
1436450816
1413619712
1314025472
1326505984
1348239360
1420517376
1354780672
1303851008
1302839296
1413115904
1352790016
1300680704
1352900608
1385275392
1333919744
1323024384
1397866496
1278214144
1357766656
1387593728
1298460672
1308631040
1349406720
1282842624
1300107264
1354805248
1409282048
1304477696
1299005440
1305288704
1451855872
1300135936
1344217088
1316483072
1361477632
1301721088
1330851840
1369116672
1378660352
1295319040
1350258688
1373085696
1303916544
1339478016
1358045184
1366974464
1346265088
1331240960
1305362432
1332711424
1336983552
1343569920
1326731264
1350332416
1376305152
1402712064
1392513024
1367330816
1359400960
1334185984
1408847872
1338798080
1268449280
1289388032
1368051712
1378947072
1428434944
1265405952
1282105344
1390039040
1305579520
1301086208
1388146688
1407754240
1369436160
1354506240
1415294976
1364856832
1332826112
1457532928
1464827904
1379774464
1347289088
1365315584
1377292288
1282834432
1307754496
1379053568
1404637184
1357479936
1355489280
1378508800
1355227136
1370107904
1340211200
1318182912
1359204352
1484656640
1437581312
1273511936
1385566208
1388314624
1290158080
1364946944
1396203520
1374539776
1392660480
1365585920
1369047040
1353383936
1387913216
1368760320
1389711360
1390333952
1266642944
1309634560
1266216960
1304371200
1367941120
1327579136
1345462272
1454886912
1316167680
1346924544
1342148608
1286569984
1365446656
1361883136
1354276864
1325043712
1297149952
1323786240
1286705152
1300951040
1338744832
1361739776
1323958272
1342013440
1344204800
1311358976
1381175296
1315151872
1359794176
1388785664
1392050176
1362726912
1332662272
1267417088
1364234240
1378062336
1381208064
1291112448
1296056320
1365614592
1283919872
1293291520
1408708608
1384865792
1284579328
1336213504
1291153408
1273643008
1383718912
1368707072
1288503296
1269161984
1375064064
1391927296
1409044480
1295679488
1388941312
1350537216
1296437248
1332039680
1339416576
1286594560
1302638592
1342656512
1332436992
1302704128
1411796992
1313611776
1275314176
1333604352
1273630720
1296695296
1340866560
1374486528
1258475520
1293066240
1328959488
1372119040
1345527808
1366130688
1389416448
1479614464
1378435072
1396846592
1369436160
1416531968
1369620480
1387921408
1387270144
1365909504
1391570944
1402908672
1303728128
1293697024
1397784576
1367355392
1280139264
1332367360
1317654528
1307107328
1403817984
1321791488
1339707392
1374928896
1419661312
1342529536
1369079808
1297260544
1298382848
1310867456
1401233408
1389555712
1343193088
1337683968
1320964096
1383112704
1467953152
1332822016
1272561664
1327984640
1336713216
1275981824
1301872640
1250869248
1219100672
1406304256
1467727872
1326489600
1300549632
1369206784
1298034688
1320513536
1306173440
1301852160
1285296128
1358946304
1355767808
1358127104
1325920256
1325105152
1327575040
1314549760
1273704448
1307623424
1359802368
1330139136
1427918848
1355091968
1370669056
1391255552
1426956288
1369534464
1394622464
1401208832
1419571200
1326567424
1342791680
1415053312
1427640320
1414492160
1397870592
1351344128
1342783488
1357164544
1367769088
1350012928
1445416960
1451356160
1396715520
1359917056
1399586816
1452638208
1370415104
1353052160
1394905088
1392267264
1397026816
1389002752
1367244800
1375608832
1397014528
1434120192
1371734016
1329881088
1417338880
1350742016
1366831104
1393512448
1420464128
1443258368
1347727360
1315459072
1394642944
1358118912
1400643584
1351434240
1322504192
1462476800
1390673920
1310601216
1349353472
1381433344
1345744896
1366614016
1353285632
1491255296
1293783040
1321791488
1357348864
1429561344
1339383808
1381945344
1357811712
1383964672
1359613952
1365610496
1420128256
1414578176
1394212864
1410551808
1356820480
1451769856
1393217536
1345413120
1372266496
1431572480
1363435520
1340002304
1357246464
1354821632
1354846208
1438507008
1320402944
1363468288
1411801088
1402642432
1337675776
1397952512
1403289600
1330221056
1391386624
1391456256
1368088576
1368129536
1460707328
1379880960
1293717504
1382477824
1344516096
1387257856
1371463680
1373253632
1352826880
1361584128
1344835584
1393647616
1384759296
1354731520
1346842624
1325182976
1292619776
1343578112
1389891584
1346740224
1339052032
1377021952
1454850048
1340043264
1398439936
1399816192
1382920192
1410502656
1402961920
1336287232
1360322560
1419104256
1414598656
1356124160
1340284928
1453228032
1370587136
1363755008
1413906432
1334960128
1332375552
1371078656
1397428224
1331154944
1378615296
1384415232
1428410368
1374699520
1414098944
1395961856
1404866560
1374490624
1380577280
1401982976
1361580032
1343029248
1466925056
1457209344
1328332800
1330700288
1413033984
1417482240
1341476864
1355935744
1360691200
1356165120
1398632448
1382952960
1391472640
1414414336
1373257728
1337651200
1359941632
1346830336
1350696960
1322921984
1343741952
1356840960
1371594752
1340899328
1346195456
1401520128
1370005504
1352122368
1319825408
1347317760
1359798272
1328316416
1317249024
1376800768
1446547456
1304702976
1318641664
1403191296
1365618688
1370697728
1407336448
1376210944
1366265856
1360338944
1327513600
1383792640
1441214464
1334374400
1360023552
1371283456
1386127360
1349021696
1356238848
1421824000
1421074432
1360760832
1353805824
1373863936
1360142336
1373634560
1305481216
1319215104
1342525440
1309675520
1311682560
1314811904
1296560128
1350807552
1287491584
1286139904
1304707072
1287495680
1297641472
1284358144
1270571008
1301073920
1294516224
1276370944
1322471424
1307336704
1281265664
1352036352
1307414528
1294057472
1348861952
1311723520
1277976576
1270579200
1326878720
1350078464
1301442560
1304371200
1312137216
1313447936
1290633216
1259290624
1286078464
1303826432
1231396864
1231478784
1387737088
1318404096
1270575104
1343356928
1346400256
1302114304
1294139392
1352773632
1288753152
1270579200
1318838272
1407205376
1330728960
1231392768
1270263808
1284124672
1216303104
1251991552
1290551296
1260523520
1267314688
1282265088
1351733248
1306476544
1287360512
1343975424
1382739968
1285611520
1292636160
1265111040
1233072128
1269915648
1263583232
1238712320
1211822080
1262563328
1225207808
1199398912
1224306688
1237819392
1301344256
1249341440
1248636928
1238450176
1335918592
1249411072
1249570816
1259794432
1245425664
1249472512
1308618752
1262764032
1305305088
1249439744
1277403136
1355321344
1319628800
1244741632
1338118144
1296584704
1268502528
1294331904
1293393920
1289449472
1294626816
1258971136
1266495488
1299750912
1300320256
1282973696
1345028096
1298997248
1268711424
1273712640
1253949440
1313845248
1277394944
1331363840
1374367744
1310789632
1333788672
1277734912
1271562240
1297723392
1386668032
1296879616
1304641536
1310420992
1332977664
1308098560
1286537216
1300041728
1326174208
1263374336
1246752768
1276538880
1311739904
1276936192
1260068864
1307254784
1391824896
1335218176
1392832512
1336426496
1377406976
1342427136
1355931648
1288265728
1341620224
1379028992
1237872640
1239355392
1347133440
1351262208
1333248000
1295335424
1334472704
1318641664
1299677184
1391652864
1304723456
1310212096
1398022144
1394405376
1280200704
1324056576
1258704896
1268662272
1299955712
1435176960
1317826560
1311981568
1309773824
1231675392
1242128384
1355440128
1254723584
1270288384
1329414144
1339273216
1297571840
1256648704
1379360768
1256902656
1295060992
1304956928
1417433088
1367977984
1344499712
1373581312
1335685120
1274552320
1353584640
1459830784
1313345536
1360863232
1449144320
1300463616
1227935744
1388068864
1363664896
1343680512
1399947264
1354784768
1331208192
1356308480
1399533568
1354031104
1354452992
1403736064
1456107520
1359499264
1409069056
1352699904
1399050240
1461456896
1429270528
1296166912
1394188288
1269772288
1237487616
1375768576
1373790208
1313099776
1320984576
1328680960
1280569344
1290510336
1411858432
1312931840
1316913152
1440313344
1449971712
1399382016
1337270272
1463009280
1369776128
1241862144
1339449344
1397747712
1310625792
1309966336
1301954560
1253920768
1323438080
1357635584
1258549248
1326055424
1294630912
1252868096
1303920640
1331191808
1313091584
1286062080
1431916544
1389473792
1339748352
1360764928
1272999936
1280757760
1359319040
1345609728
1280393216
1326473216
1307791360
1293537280
1304621056
1328689152
1316421632
1300070400
1286549504
1316573184
1320665088
1309294592
1292230656
1257795584
1311752192
1302593536
1333440512
1269780480
1259286528
1379434496
1387851776
1375690752
1358569472
1321246720
1264836608
1332432896
1346928640
1302237184
1329573888
1270661120
1285386240
1332543488
1311571968
1310941184
1308479488
1264205824
1299136512
1346584576
1336487936
1283649536
1375330304
1379426304
1329901568
1345720320
1342722048
1269116928
1286443008
1410281472
1312280576
1309310976
1315307520
1249746944
1299722240
1339523072
1305346048
1293357056
1370370048
1311866880
1262419968
1333723136
1296916480
1280929792
1400176640
1388154880
1269743616
1338028032
1294774272
1282240512
1294049280
1377984512
1284988928
1311666176
1304170496
1285320704
1373552640
1418846208
1281949696
1288769536
1357463552
1293893632
1335406592
1357934592
1345073152
1337663488
1316110336
1383325696
1324036096
1312542720
1286598656
1336025088
1372184576
1374314496
1307238400
1332002816
1292091392
1302228992
1307897856
1380511744
1331044352
1287004160
1324789760
1294192640
1295695872
1365528576
1328775168
1314975744
1408876544
1342091264
1310801920
1253126144
1338826752
1261572096
1273163776
1316225024
1308106752
1353388032
1293139968
1318203392
1277706240
1319333888
1261281280
1289527296
1269170176
1293193216
1342914560
1348919296
1260679168
1358213120
1332596736
1347338240
1340825600
1272000512
1316155392
1312710656
1355517952
1300856832
1290829824
1329254400
1317183488
1255526400
1249726464
1252130816
1409433600
1249726464
1258164224
1274621952
1370357760
1249726464
1294843904
1379545088
1265188864
1319174144
1299931136
1278672896
1302257664
1321246720
1272238080
1303699456
1291243520
1323343872
1295515648
1296785408
1254559744
1279332352
1336373248
1293225984
1335255040
1325809664
1316716544
1333493760
1296334848
1319034880
1289461760
1282998272
1342906368
1281351680
1269727232
1273298944
1286541312
1354702848
1256869888
1266540544
1337131008
1273389056
1280339968
1323741184
1300176896
1286840320
1286549504
1256087552
1273798656
1334116352
1274593280
1320472576
1294098432
1283833856
1281736704
1360429056
1256996864
1314406400
1249726464
1273294848
1267130368
1249726464
1253924864
1396285440
1249726464
1263992832
1286373376
1310875648
1290326016
1249767424
1320980480
1271840768
1295351808
1286569984
1301004288
1271017472
1249931264
1386135552
1281077248
1249771520
1368461312
1310027776
1251708928
1303601152
1310072832
1264599040
1273384960
1283051520
1287909376
1277423616
1343864832
1308422144
1296650240
1308495872
1286565888
1286569984
1277489152
1328754688
1281740800
1288466432
1387323392
1299685376
1283854336
1305247744
1349124096
1273245696
1265205248
1175519232
1186004992
1159692288
1187151872
1211170816
1208127488
1159692288
1171324928
1159692288
1179717632
1159692288
1197641728
1177616384
1177620480
1166180352
1212317696
1159692288
1182150656
1233829888
1213636608
1159692288
1159692288
1227624448
1199616000
1159696384
1209274368
1159692288
1183911936
1165033472
1165033472
1187151872
1159692288
1208352768
1159692288
1206026240
1216512000
1159692288
1167130624
1192296448
1188106240
1177616384
1193443328
1159692288
1175523328
1186852864
1159696384
1210224640
1194393600
1159692288
1169227776
1159692288
1216516096
1159692288
1216516096
1159692288
1169231872
1162936320
1162936320
1159692288
1190199296
1159806976
1159806976
1208123392
1159725056
1183903744
1159770112
1208164352
1159684096
1159725056
1220710400
1183944704
1159684096
1208123392
1159737344
1159766016
1183903744
1159684096
1212317696
1159725056
1193447424
1159737344
1159733248
1169223680
1159684096
1208164352
1159684096
1183944704
1196486656
1159725056
1208123392
1183916032
1159766016
1183907840
1206030336
1183916032
1159766016
1232343040
1159696384
1183948800
1196490752
1159684096
1183952896
1159688192
1206067200
1183907840
1172406272
1253314560
1186263040
1271459840
1159725056
1212317696
1183903744
1159766016
1159684096
1159725056
1220710400
1183903744
1159766016
1208131584
1159766016
1183944704
1159766016
1159684096
1214418944
1195581440
1194393600
1159733248
1159733248
1167130624
1214418944
1177657344
1159692288
1159733248
1189253120
1175560192
1199742976
1184481280
1159692288
1182961664
1231196160
1173426176
1188106240
1174573056
1159692288
1178513408
1177616384
1165033472
1212321792
1188143104
1159696384
1221857280
1159696384
1232347136
1196490752
1181814784
1196535808
1193447424
1196498944
1224904704
1168285696
1188106240
1182961664
1210224640
1203933184
1185456128
1236537344
1159696384
1218613248
1159696384
1201840128
1213472768
1179721728
1216520192
1195544576
1179721728
1175523328
1197641728
1189257216
1173426176
1231196160
1181818880
1208127488
1159696384
1255415808
1189253120
1159700480
1182015488
1226055680
1187155968
1212321792
1204850688
1208324096
1231245312
1182048256
1207414784
1206263808
1187696640
1224597504
1165041664
1208127488
1183911936
1202995200
1178615808
1183973376
1193451520
1200889856
1178767360
1255804928
1200132096
1190203392
1196494848
1196498944
1184112640
1194602496
1203933184
1196494848
1198215168
1223045120
1171329024
1209675776
1179717632
1182949376
1217667072
1213468672
1194397696
1187160064
1166295040
1203933184
1201319936
1195544576
1159696384
1226055680
1191350272
1173430272
1197109248
1167134720
1182965760
1278709760
1159700480
1223958528
1224089600
1173430272
1229303808
1220714496
1186091008
1165037568
1185058816
1173426176
1189257216
1169235968
1230245888
1171329024
1231319040
1208127488
1171329024
1232347136
1181818880
1177624576
1193451520
1170378752
1208127488
1174482944
1202991104
1167228928
1226059776
1187155968
1193840640
1185058816
1228419072
1159720960
1225105408
1255858176
1182969856
1206034432
1196453888
1165037568
1195544576
1159696384
1206235136
1222811648
1187155968
1200885760
1193512960
1207042048
1159696384
1181839360
1227419648
1159696384
1188306944
1216266240
1169235968
1237925888
1164091392
1202987008
1167134720
1201836032
1231572992
1159696384
1206820864
1159700480
1200336896
1292079104
1159696384
1221582848
1159696384
1180291072
1252364288
1181814784
1201479680
1167134720
1196691456
1177620480
1202229248
1202229248
1220431872
1219661824
1186607104
1159696384
1160114176
1225932800
1185067008
1179717632
1202278400
1173499904
1181888512
1167126528
1192333312
1197047808
1176866816
1159729152
1234001920
1159688192
1173692416
1160249344
1194389504
1220005888
1159688192
1181888512
1243529216
1183211520
1159766016
1196494848
1159692288
1208123392
1159692288
1159766016
1159684096
1159766016
1159684096
1159766016
1196490752
1159766016
1196486656
1159684096
1177653248
1159692288
1160286208
1159696384
1159725056
1159684096
1159725056
1196486656
1159766016
1194393600
1159692288
1159766016
1159684096
1183944704
1159684096
1197637632
1159684096
1208123392
1159684096
1159725056
1159725056
1183903744
1159684096
1183903744
1159684096
1220710400
1159696384
1159725056
1159684096
1183944704
1159692288
1192292352
1159725056
1208123392
1159688192
1159684096
1159725056
1188098048
1099714560