15609856
16801792
16900096
16973824
16973824
16973824
16973824
17002496
17002496
17002496
17002496
17002496
17018880
17100800
17100800
17100800
17596416
17612800
17645568
17645568
17645568
17649664
17661952
17661952
17661952
17661952
17661952
17661952
17661952
17661952
17661952
16527360
16891904
16998400
17072128
17072128
17072128
17072128
17072128
18624512
79544320
106483712
106934272
194478080
246779904
285155328
267972608
284749824
338145280
319266816
342323200
352182272
316465152
356130816
352583680
356134912
357236736
353705984
353759232
353763328
357306368
353763328
357359616
315068416
332009472
353771520
357384192
329945088
357367808
357376000
330665984
354492416
358141952
358141952
354541568
354541568
358174720
315908096
315908096
315908096
323026944
358174720
337887232
358289408
358273024
337989632
354656256
357576704
330829824
354656256
337281024
338014208
358285312
354656256
358285312
354660352
358285312
322363392
358322176
354664448
304599040
358281216
358285312
354664448
358371328
358297600
313516032
358285312
354664448
358293504
330838016
354664448
358313984
330854400
358297600
354680832
354680832
358105088
358039552
297431040
330854400
358305792
354680832
354680832
358260736
331767808
358350848
330854400
358305792
354680832
304394240
330854400
358293504
354680832
354680832
357089280
354680832
358379520
358391808
304570368
357703680
297517056
330940416
358543360
358440960
354770944
354779136
358416384
316121088
349544448
354779136
358391808
354779136
354779136
358445056
358354944
354787328
297537536
358436864
330969088
358477824
358473728
332824576
358383616
358342656
354824192
354824192
358481920
354824192
358461440
358457344
354824192
358477824
358490112
354938880
358543360
354955264
354955264
354955264
316686336
358645760
331149312
338362368
297725952
358563840
333725696
340152320
304959488
338382848
338382848
358629376
338382848
340013056
340013056
358649856
348860416
304959488
366428160
366419968
291651584
309010432
351674368
347836416
307679232
331243520
351485952
351518720
347836416
351506432
354975744
358662144
358674432
304959488
339116032
358645760
338382848
354975744
358662144
354975744
358682624
304959488
338382848
358645760
354983936
358666240
358658048
354983936
354983936
355852288
354983936
357793792
338391040
354983936
354983936
354983936
354983936
354983936
358666240
354983936
358662144
358658048
354983936
386609152
386609152
387969024
358645760
354983936
354988032
358711296
354988032
354988032
354988032
358682624
354988032
358678528
358674432
354988032
354988032
358596608
354988032
354988032
354992128
358670336
354992128
355000320
338407424
358678528
338407424
355000320
358690816
349822976
358686720
355000320
355004416
358699008
355004416
355004416
338411520
358682624
358715392
355004416
355004416
358690816
348942336
354754560
358707200
358744064
355004416
355004416
358633472
355004416
358699008
349827072
358719488
338411520
338411520
355004416
358883328
358715392
344047616
358649856
355004416
310624256
344047616
344047616
359211008
359219200
352833536
358707200
358617088
355139584
355139584
358842368
344182784
355139584
355139584
355139584
344182784
355139584
355139584
364482560
347693056
316485632
358858752
349933568
316510208
344186880
359067648
358842368
355143680
358875136
358797312
344186880
344186880
358834176
344186880
355143680
358866944
349917184
316493824
358875136
344186880
355143680
355143680
355143680
344186880
354775040
355143680
355143680
355143680
344186880
344186880
355143680
358805504
358858752
310771712
326344704
347045888
355151872
355151872
355151872
355155968
344195072
316551168
358842368
344195072
358883328
344195072
358821888
355151872
355151872
344195072
355151872
355151872
358805504
355151872
355151872
358842368
358871040
355151872
358821888
355151872
355151872
310771712
358825984
355151872
355151872
355151872
355151872
358612992
358674432
355151872
355151872
358830080
358850560
355151872
358834176
355151872
356630528
355151872
358842368
355151872
355151872
358883328
355151872
355151872
355151872
358850560
355151872
355151872
355151872
358514688
359018496
355151872
358850560
355151872
355151872
355151872
355155968
358797312
358862848
355155968
355155968
355155968
355155968
358854656
358895616
359313408
366358528
370302976
344203264
358879232
358768640
355160064
355160064
358858752
358944768
355160064
355160064
358891520
355160064
355160064
358862848
355164160
355164160
358813696
355164160
355164160
355164160
310784000
358862848
358891520
349990912
355164160
355164160
345260032
356216832
359870464
356216832
356216832
356216832
359907328
311836672
359919616
351031296
317194240
359903232
359870464
353796096
320372736
359854080
351031296
359923712
356216832
359690240
356216832
356216832
359907328
356216832
366186496
314601472
359948288
359870464
356216832
356216832
360099840
358027264
356216832
356216832
359903232
354402304
359759872
339759104
359972864
311836672
359931904
356216832
356220928
356220928
338083840
359546880
359948288
311840768
359919616
345264128
359936000
351023104
356220928
359682048
356220928
322646016
359919616
345264128
360009728
311840768
345264128
356220928
359874560
358461440
356220928
356220928
356220928
345264128
356229120
345272320
359940096
356229120
356229120
322678784
359927808
356229120
356229120
356229120
359747584
345272320
359927808
351047680
356229120
356229120
311848960
359936000
359727104
311848960
359940096
356229120
356229120
359567360
356020224
359927808
340701184
301551616
328626176
339582976
359919616
359878656
356237312
356237312
359931904
356237312
356237312
359706624
356237312
359784448
345280512
345280512
321302528
360062976
360017920
345280512
359960576
345280512
317587456
359931904
317583360
359948288
356237312
359710720
356237312
356237312
356237312
359940096
359919616
356237312
318660608
345280512
359919616
356237312
359890944
360034304
356237312
356237312
345280512
359936000
356237312
356237312
359936000
356061184
359931904
356237312
356237312
356237312
359882752
326057984
357728256
356237312
356237312
356237312
356237312
357285888
345280512
359944192
359923712
356237312
356241408
359944192
359927808
356241408
359776256
356241408
359915520
356241408
356241408
356241408
351051776
359952384
356241408
356241408
359763968
356241408
356241408
359931904
356241408
350982144
350982144
317558784
360005632
360005632
356241408
356241408
359886848
359886848
359886848
359886848
311861248
345284608
356241408
356241408
359628800
360091648
356241408
359616512
359956480
359956480
359964672
356143104
359944192
351064064
351064064
356241408
311861248
360026112
356241408
359616512
359940096
356175872
359931904
359948288
356241408
359878656
359931904
356241408
359940096
356241408
317624320
359976960
345284608
359940096
356241408
359895040
359931904
359931904
313954304
347377664
356241408
359895040
356241408
356241408
356241408
356241408
311861248
359993344
351080448
356241408
376168448
351010816
359923712
359829504
311861248
345288704
356241408
356245504
311861248
360038400
350953472
359940096
359952384
351055872
359931904
359952384
356241408
336322560
359837696
359936000
345284608
356241408
359796736
356241408
359936000
345284608
328507392
359927808
351068160
356241408
364138496
317444096
360361984
317386752
359481344
311861248
359940096
317652992
359956480
359878656
356241408
356241408
360087552
356241408
359944192
360255488
356241408
359956480
356241408
356241408
356241408
317329408
350748672
356241408
359940096
356241408
350748672
359825408
350748672
350748672
359944192
359874560
350748672
356241408
359239680
355536896
359923712
356241408
350748672
356241408
359944192
351059968
356241408
359948288
351043584
351043584
358199296
356241408
359931904
359964672
345284608
359956480
345284608
356241408
311861248
359936000
359989248
356241408
359886848
356241408
356241408
359952384
356245504
356245504
359936000
359936000
356245504
359890944
356245504
356245504
359981056
356245504
311865344
332709888
359993344
317583360
358981632
356245504
356245504
359944192
317648896
359960576
356245504
356245504
356245504
359878656
322555904
359944192
356245504
356245504
359964672
356245504
359948288
356245504
356245504
356245504
356245504
356245504
356245504
359550976
356245504
359976960
356245504
359948288
356245504
359911424
356245504
356245504
359948288
359940096
356245504
356245504
356245504
356245504
356245504
359813120
356245504
359931904
356245504
356245504
356245504
359936000
359858176
356245504
359948288
356245504
359956480
356245504
359923712
356245504
356245504
356245504
359878656
356245504
359936000
364654592
368336896
364654592
368357376
351612928
347910144
351612928
356245504
356261888
356261888
356261888
356261888
359956480
356261888
356261888
356261888
356261888
359952384
356261888
356261888
356261888
359964672
356261888
359964672
356261888
356261888
359669760
356261888
359854080
356261888
356261888
359960576
359972864
356261888
362283008
356261888
359956480
356261888
356261888
359948288
356261888
356261888
359952384
356261888
356261888
359964672
356261888
356261888
356261888
356261888
359960576
356261888
356261888
359985152
359952384
359952384
359952384
356261888
356261888
356261888
356261888
356261888
360067072
356261888
359915520
356261888
359952384
356261888
356261888
359972864
357695488
359923712
356261888
356261888
359964672
356261888
356261888
360005632
356261888
356261888
359956480
359800832
356261888
356261888
359972864
359960576
356261888
356261888
356261888
356261888
356261888
359952384
356261888
356261888
356261888
356261888
356261888
359952384
359964672
356261888
356261888
359964672
359952384
359964672
356261888
367501312
434823168
408166400
367501312
367493120
396574720
384241664
421031936
407650304
384241664
384241664
384241664
384241664
384241664
384241664
384241664
384241664
384241664
384241664
359952384
356261888
356261888
359952384
356261888
356261888
356261888
356261888
356261888
359964672
356261888
356261888
356270080
356261888
356261888
359964672
356261888
356261888
356261888
356261888
356261888
356261888
359964672
356261888
356261888
359956480
356261888
359952384
359858176
360017920
356261888
360017920
356270080
357310464
356270080
356270080
359972864
364765184
322846720
339492864
347963392
347963392
347963392
351666176
356270080
359972864
360034304
356270080
356270080
356270080
359968768
356270080
359976960
356270080
356270080
356270080
359960576
356270080
356270080
360005632
356270080
359960576
359981056
356270080
356270080
356270080
359989248
356270080
356270080
356270080
356270080
356270080
359964672
356270080
359968768
356270080
356270080
359972864
360030208
356270080
359972864
356270080
359972864
356270080
353460224
353460224
353460224
353460224
357593088
357158912
353460224
357163008
353460224
357089280
353460224
357167104
353460224
353460224
357154816
357134336
353460224
357150720
357122048
353460224
353460224
357097472
353460224
353460224
357134336
353460224
357146624
353460224
353460224
362614784
353464320
353464320
340520960
357122048
353464320
356929536
353464320
353464320
353464320
357072896
353464320
353464320
357150720
353464320
353464320
357154816
353464320
353464320
357048320
353464320
353472512
353464320
357130240
353464320
353464320
353468416
353464320
357101568
353464320
353464320
356990976
353464320
353464320
357130240
357167104
353464320
356610048
353464320
353464320
353464320
353464320
353464320
353464320
353464320
357146624
357130240
359931904
357965824
361668608
361660416
357965824
357969920
357965824
357965824
357965824
361639936
357965824
357965824
357965824
361648128
357969920
357969920
357969920
357969920
361660416
361070592
357969920
357969920
357969920
357969920
357969920
361672704
357969920
361644032
357969920
357969920
357978112
357969920
361652224
360230912
360230912
363958272
360235008
363933696
360235008
360235008
360235008
360235008
363905024
360235008
363974656
360235008
360235008
363937792
360235008
363962368
360235008
320049152
353472512
357150720
353472512
357163008
353472512
357085184
353472512
353472512
353472512
353472512
353472512
353472512
357076992
353472512
357163008
357167104
353472512
353472512
357158912
353472512
353472512
353472512
353472512
353472512
353472512
353472512
353472512
353472512
353472512
357146624
353472512
353472512
353472512
366653440
433704960
389357568
390864896
440090624
338849792
340353024
360427520
427085824
380547072
353808384
400666624
373927936
353480704
394047488
367316992
414183424
387436544
353480704
407556096
353480704
353480704
377356288
353480704
421064704
382926848
353480704
415129600
354156544
407130112
343248896
374050816
370548736
339079168
338120704
394493952
341725184
383119360
334757888
398327808
374190080
340807680
395923456
340807680
340807680
342519808
340807680
373686272
341958656
417095680
358916096
430379008
392400896
338952192
394117120
367456256
338665472
411271168
375840768
353484800
396115968
351137792
416407552
368476160
336723968
394838016
338284544
368193536
342233088
403709952
377053184
377053184
353484800
397320192
320061440
417415168
355586048
353484800
411000832
353484800
320061440
404586496
353484800
425021440
394510336
320061440
372731904
336707584
342085632
377806848
342085632
342085632
347148288
373956608
361689088
410202112
343068672
344633344
396574720
344633344
344633344
357191680
344633344
377458688
344633344
397709312
344633344
402857984
344633344
391299072
345317376
411738112
370327552
344825856
358375424
405291008
378601472
344825856
351903744
398811136
372113408
345448448
392413184
365780992
412598272
344825856
385818624
359030784
405839872
374796288
344825856
344899584
344817664
344817664
418025472
371400704
362926080
364445696
364445696
320094208
353484800
353476608
388202496
364736512
364703744
401502208
320094208
353484800
353476608
353517568
353517568
353484800
353484800
353517568
353517568
353476608
353517568
353484800
353476608
355508224
410972160
372125696
376991744
353480704
353517568
353484800
353476608
353484800
353476608
376922112
353517568
353476608
353476608
376958976
353517568
353476608
353476608
353476608
353484800
390275072
353517568
353517568
353476608
353517568
353476608
388247552
364728320
385441792
353517568
353476608
309137408
335536128
335540224
359022592
335581184
335544320
364134400
335757312
372383744
303783936
337174528
339185664
372461568
375271424
378380288
439205888
378376192
378380288
432988160
378376192
340754432
398307328
393605120
391860224
399376384
394465280
385597440
413466624
391581696
415059968
409092096
380903424
405663744
403746816
380911616
381341696
413077504
418160640
381906944
393252864
364699648
329105408
387911680
362532864
379174912
418508800
399474688
381706240
342302720
434094080
375726080
376954880
428974080
389636096
376954880
376950784
346886144
370802688
453443584
392601600
453533696
412901376
379928576
433201152
406552576
453500928
403382272
378372096
447152128
420499456
386056192
380084224
414302208
387653632
446017536
407953408
380080128
403226624
380084224
448552960
400994304
380878848
380878848
380874752
396034048
380878848
380874752
382111744
380878848
450600960
380878848
418127872
397750272
381321216
381325312
427827200
375107584
375103488
400441344
375107584
448708608
402354176
381747200
381743104
400732160
385069056
418545664
397557760
340123648
353476608
402702336
353476608
353476608
419356672
353476608
353476608
413007872
353476608
386359296
353476608
407023616
380379136
354422784
428027904
355336192
336711680
381759488
349749248
403611648
342835200
376963072
361037824
364773376
357302272
385073152
358424576
405372928
356691968
405073920
383504384
338157568
418512896
356491264
357642240
366366720
320053248
389517312
355852288
426827776
376143872
353476608
427081728
369803264
353476608
395259904
363454464
353845248
384122880
338771968
353476608
383836160
353476608
397705216
353476608
418004992
353476608
404545536
364707840
354877440
386408448
299569152
398274560
347471872
346890240
392372224
332193792
338313216
339869696
367685632
352550912
299986944
378839040
328523776
402997248
381685760
320401408
347316224
318521344
347340800
351944704
351944704
406274048
365785088
352468992
351956992
386994176
351961088
318787584
404668416
384032768
340402176
333619200
335175680
423723008
372686848
351432704
352989184
418775040
392126464
343257088
339582976
376385536
360116224
352989184
352989184
416591872
370917376
353443840
324898816
394739712
369152000
339279872
339279872
411303936
357875712
344510464
419459072
392810496
360415232
353783808
320020480
373755904
351277056
337453056
339005440
405925888
382861312
321077248
339656704
341213184
404705280
378056704
333074432
333705216
333705216
404733952
356982784
353353728
335020032
424456192
397107200
356507648
335020032
353353728
319934464
399798272
342937600
335179776
353513472
428560384
391979008
334340096
352673792
411697152
370761728
353386496
335052800
353386496
422400000
377098240
319963136
336609280
344506368
418963456
384520192
353386496
353591296
319963136
406265856
379617280
354312192
337666048
345063424
418668544
383045632
351608832
345063424
345063424
361709568
409501696
367169536
361709568
361709568
423452672
375173120
361713664
361713664
398516224
392388608
366379008
361713664
361713664
424710144
398061568
361713664
361713664
361713664
412012544
385363968
361713664
361713664
425963520
399314944
372666368
361713664
361713664
413265920
386617344
361713664
361713664
361713664
398516224
397393920
377966592
361713664
361713664
434819072
394563584
361713664
361713664
361713664
422113280
393306112
365264896
361713664
361713664
419831808
388366336
361189376
360783872
393043968
378286080
369131520
360783872
360783872
397586432
383074304
360787968
361046016
423944192
394969088
361046016
417595392
383840256
361046016
361046016
434651136
404893696
340025344
357765120
359321600
359321600
411549696
385687552
359321600
359321600
359321600
417640448
396943360
371851264
317448192
345374720
410570752
382619648
355008512
355008512
394932224
380137472
393359360
369926144
360140800
396943360
374763520
386129920
364109824
360144896
360747008
422293504
395644928
367132672
360747008
360747008
385175552
406429696
382001152
361021440
361021440
361021440
417472512
390823936
363692032
361021440
431415296
404770816
378122240
361025536
361025536
418721792
392073216
361263104
361025536
432672768
406016000
335790080
358162432
359714816
425025536
392007680
365359104
359714816
396517376
419639296
397041664
379666432
360206336
360206336
360206336
414052352
360206336
360206336
360206336
394108928
381210624
397713408
378036224
360632320
360632320
360632320
409391104
382742528
360636416
361148416
423849984
397201408
365850624
361148416
361148416
418131968
397123584
361152512
361631744
435236864
398929920
372281344
361631744
361631744
398434304
386232320
361635840
361824256
361824256
361824256
398827520
361824256
361824256
361824256
428163072
372822016
361824256
361824256
361824256
421928960
395272192
368623616
361824256
361824256
409223168
382574592
361824256
361824256
417849344
391286784
366194688
358150144
358150144
419278848
403623936
380710912
368939008
361115648
397918208
412762112
387403776
362590208
361115648
361189376
361107456
361189376
361107456
361107456
361107456
361115648
361189376
361107456
365510656
399814656
317480960
365518848
385347584
361861120
365498368
375234560
317480960
365527040
365522944
323256320
365776896
365350912
385331200
328187904
387928064
393502720
373071872
373063680
390471680
361861120
365502464
385282048
361820160
365527040
343666688
365568000
389070848
391888896
440320000
416088064
395767808
432566272
412876800
397889536
416272384
375648256
317448192
318595072
336629760
406822912
401104896
359342080
421462016
394829824
359342080
415195136
365289472
359342080
408895488
359342080
408940544
360091648
361517056
380559360
357163008
358686720
391102464
358686720
413978624
342642688
350871552
420995072
350871552
434929664
334143488
342188032
394321920
358965248
432570368
389324800
358965248
409509888
382803968
429694976
358965248
404086784
378953728
425893888
399228928
328458240
350871552
356880384
361435136
356880384
428740608
402124800
370921472
422490112
397062144
359649280
429834240
392228864
362573824
412364800
385634304
396451840
405778432
337518592
401031168
358576128
396890112
405573632
360087552
360087552
413179904
386449408
360087552
339247104
381050880
389451776
361824256
391856128
366620672
399962112
368431104
398630912
388575232
361828352
408711168
361828352
428855296
361828352
435429376
331022336
340955136
389935104
364711936
411578368
369500160
384847872
317640704
398131200
371400704
350871552
427319296
374165504
360386560
360386560
414756864
360386560
360386560
365436928
357924864
343674880
400523264
360452096
422350848
395694080
369045504
337170432
355495936
357707776
355495936
377982976
355500032
322805760
372391936
352202752
403824640
345145344
353751040
383283200
312492032
345915392
370696192
347475968
398376960
373313536
420286464
393654272
341319680
356421632
387362816
362909696
332677120
364683264
340365312
340365312
380428288
353001472
336220160
294178816
358420480
391499776
365740032
318156800
358387712
388341760
310358016
358408192
378220544
358350848
381267968
359735296
358395904
358248448
333836288
354738176
355864576
378224640
354738176
358400000
395206656
378216448
354738176
358395904
354697216
354697216
354738176
358387712
358264832
365563904
354738176
318763008
385003520
346988544
354697216
358350848
378195968
354738176
358395904
391495680
354738176
354738176
358416384
367235072
354738176
358326272
325152768
325152768
325152768
325152768
325152768
325152768
325152768
325152768
325152768
325152768
325152768
325152768
325152768
325152768
325152768
325152768
325152768
325152768
325152768
325152768
325152768
325152768
325152768
325152768
325152768
325152768
325152768
325152768
325152768
325152768
325152768
325152768
325152768
325152768
325152768
325152768
325152768
325152768
325152768
325152768
325152768
325152768
325152768
325152768
325152768
325152768
325152768
325152768
