16429056
16953344
17047552
17133568
17211392
17211392
17211392
17211392
17211392
17211392
17211392
17211392
17223680
17305600
17321984
17321984
17321984
17321984
17321984
17321984
17321984
19210240
106905600
107077632
107077632
107077632
125030400
152375296
143814656
143818752
178229248
159313920
160772096
140443648
173363200
176222208
158404608
176934912
176934912
177012736
177012736
177012736
177012736
176967680
176971776
176971776
139767808
177004544
139767808
176992256
139767808
177000448
149135360
177004544
177004544
177004544
177004544
177004544
177008640
177004544
177004544
177004544
177016832
177016832
177057792
177057792
177057792
177061888
177057792
177061888
177057792
177057792
177057792
177065984
177061888
177061888
177065984
177061888
177065984
177061888
177061888
177074176
177074176
177078272
177086464
177086464
177090560
177090560
177090560
177094656
177090560
177094656
177090560
177090560
177094656
177090560
177090560
177090560
177090560
177094656
177094656
177090560
177090560
177094656
177090560
177090560
177090560
177090560
177094656
177115136
193888256
193888256
193888256
193888256
193888256
193888256
193888256
193888256
193892352
193888256
193888256
193888256
193888256
193888256
193929216
193929216
193929216
193929216
193929216
193929216
193929216
193933312
193941504
193941504
193941504
193945600
193941504
193941504
193941504
193945600
193941504
193945600
193941504
193941504
193957888
193957888
193957888
193957888
193957888
193957888
193961984
193961984
193961984
193982464
193986560
193982464
193982464
193982464
193982464
193982464
193982464
193982464
193982464
193982464
193982464
193982464
193982464
193982464
193982464
193982464
193982464
193982464
193982464
193982464
193986560
193982464
193982464
201424896
199831552
199831552
199831552
199831552
199839744
199839744
199839744
199839744
199843840
199839744
199839744
199839744
199839744
199839744
199847936
199847936
199847936
199847936
199847936
199847936
199852032
199852032
199847936
199847936
199852032
199847936
199852032
199852032
199847936
199847936
199847936
199847936
199847936
199847936
199852032
199847936
199847936
199847936
199847936
199847936
199847936
199847936
199852032
199852032
213204992
213209088
216633344
216633344
216633344
199852032
199852032
199852032
199852032
199852032
199852032
199852032
199852032
199852032
199852032
199852032
199852032
199852032
199852032
199852032
199852032
199856128
199852032
199856128
199852032
199852032
199852032
199852032
199852032
199852032
199852032
199856128
199852032
199852032
199852032
199856128
199852032
199852032
199852032
199852032
199852032
199852032
199852032
199852032
199852032
199852032
199852032
199852032
199856128
199852032
199852032
199852032
199852032
199852032
199856128
199856128
199852032
199852032
199852032
199852032
199852032
199852032
199852032
199856128
199852032
199852032
199852032
199852032
199852032
199852032
199852032
199852032
199856128
199852032
199856128
199860224
199864320
199860224
199864320
199860224
199860224
199864320
199860224
199860224
199860224
199860224
199860224
199860224
199864320
199860224
199860224
199868416
199872512
199868416
199868416
199868416
199868416
199868416
199868416
199868416
199868416
199868416
199868416
199868416
199868416
199868416
199868416
199868416
199868416
199868416
199872512
199868416
199868416
199868416
199872512
199872512
199868416
199872512
199868416
199872512
199868416
199868416
199872512
199868416
199868416
199868416
199872512
199868416
199868416
199868416
199868416
199868416
199868416
199868416
199868416
199868416
199872512
199872512
199868416
199868416
199868416
199868416
199868416
199872512
199868416
199868416
199868416
199868416
199868416
199868416
199884800
199880704
199880704
199880704
199880704
199880704
199880704
199880704
199880704
199884800
199880704
199880704
199884800
199884800
199880704
199880704
199880704
199880704
199884800
199880704
199884800
199884800
199884800
199884800
199884800
199884800
199884800
199884800
199888896
199884800
199884800
199888896
199884800
199884800
199888896
199892992
199888896
199892992
199888896
199888896
199888896
199892992
199892992
199888896
199888896
199888896
199888896
199888896
199888896
199888896
199888896
199892992
199888896
199888896
199892992
199888896
199888896
199892992
199888896
199888896
199888896
199888896
199888896
199888896
199888896
199888896
199888896
199888896
199888896
199892992
199888896
199888896
199892992
199888896
199888896
199888896
199892992
199888896
199888896
199888896
199888896
199888896
199888896
199888896
199888896
199888896
199892992
199888896
199888896
199892992
199892992
199888896
199888896
199888896
199888896
199888896
199888896
199888896
199888896
199892992
199888896
199888896
199888896
199888896
199888896
199892992
199888896
199888896
199888896
199888896
199892992
199888896
199888896
199888896
199888896
199888896
199888896
199892992
199888896
199897088
199901184
199901184
199901184
199901184
199901184
199901184
199905280
199901184
199905280
199901184
199905280
199901184
199901184
199905280
199901184
199901184
199901184
199901184
199901184
199901184
199901184
199901184
199901184
199901184
199901184
199901184
199901184
199901184
199901184
199901184
199901184
199905280
199901184
199901184
199901184
199905280
199901184
199901184
199901184
199901184
199901184
199901184
199901184
199901184
199901184
199901184
199901184
199901184
199901184
199901184
199905280
199901184
199901184
199905280
199901184
199901184
199901184
199901184
199901184
199905280
199901184
199901184
199901184
199901184
199901184
199901184
199901184
199901184
199901184
199905280
199901184
199901184
199905280
199901184
199901184
199901184
199901184
199901184
199901184
199901184
199901184
199901184
199901184
199901184
199901184
199901184
199901184
199901184
199901184
199901184
199901184
199901184
199901184
199905280
199901184
199901184
199909376
199913472
199909376
199909376
199913472
199909376
199909376
199909376
199909376
199909376
199909376
199909376
199909376
199909376
199909376
199909376
199909376
199909376
199913472
199909376
199909376
199909376
199909376
199909376
199909376
199909376
199909376
199909376
199917568
199917568
199917568
199917568
199917568
199917568
199917568
199921664
199917568
199917568
199917568
199917568
199917568
199921664
199917568
199917568
199917568
199917568
199917568
199917568
199917568
199921664
199917568
199917568
199921664
199917568
199917568
199917568
199917568
199921664
199917568
199917568
199917568
199917568
199917568
199917568
199921664
199921664
199921664
199921664
199925760
199921664
199925760
199921664
199921664
199921664
199921664
199921664
199921664
199921664
199921664
199921664
199921664
199925760
199921664
199921664
199921664
199921664
199921664
199925760
199921664
199921664
199925760
199921664
199921664
199921664
199921664
199921664
199921664
199925760
199921664
199921664
199921664
199921664
199921664
199925760
199921664
199921664
199921664
199921664
199921664
199925760
199921664
199921664
199921664
199921664
199921664
199921664
199921664
199921664
199921664
199921664
199921664
199921664
199921664
199925760
199921664
199921664
199925760
199921664
199921664
199921664
199921664
199925760
199921664
199925760
199921664
199921664
199921664
199921664
199921664
199921664
199921664
199921664
199921664
199921664
199921664
199921664
199921664
199921664
199921664
199921664
199925760
199921664
199921664
199925760
199921664
199921664
199921664
199921664
199921664
199925760
199921664
199921664
199925760
199921664
199921664
199921664
199921664
199921664
199921664
199921664
199921664
199925760
199921664
199921664
199921664
199921664
199921664
199921664
199921664
199921664
199925760
199925760
199921664
199921664
199925760
199921664
199921664
199925760
199921664
199925760
199921664
199921664
199921664
199921664
199921664
199921664
199921664
199925760
199921664
199921664
199921664
199925760
199921664
199921664
199921664
199921664
199921664
199925760
199921664
199921664
199921664
199921664
199921664
199925760
199921664
199921664
199925760
199921664
199921664
199921664
199921664
199921664
199921664
199921664
199921664
199921664
199921664
199921664
199921664
199921664
199921664
199921664
199925760
199921664
199921664
199921664
199921664
199921664
199921664
199921664
199921664
199921664
199921664
199921664
199921664
199921664
199921664
199921664
199925760
199921664
199925760
199921664
199921664
199921664
199925760
199925760
199925760
199925760
199929856
199925760
199925760
199925760
199925760
199929856
199925760
199925760
199925760
199925760
199925760
199925760
199925760
199925760
199925760
199925760
199925760
199929856
199925760
199929856
199925760
199925760
199925760
199925760
183279616
183279616
183279616
199925760
199925760
199925760
199925760
199929856
199925760
199925760
199925760
199925760
199925760
199925760
199925760
199925760
199925760
199925760
199925760
199925760
199929856
199925760
199925760
199925760
199925760
199925760
199925760
199925760
199925760
199925760
199925760
199925760
183283712
199925760
199929856
199925760
199925760
199925760
199925760
199925760
199925760
199925760
199929856
199925760
199925760
199925760
199925760
199925760
199925760
199925760
199925760
199925760
199925760
199925760
199925760
199925760
199925760
199925760
199925760
199925760
183283712
199925760
199925760
199929856
216702976
196747264
184926208
207044608
190910464
230625280
199966720
199925760
224333824
199925760
199925760
199966720
224333824
199925760
224333824
199925760
199925760
226430976
199966720
199966720
199925760
199925760
224333824
199925760
199929856
199966720
224333824
199929856
224333824
199929856
232722432
199966720
199929856
232722432
199966720
199929856
209653760
199929856
199925760
224333824
199966720
199929856
199966720
224333824
199925760
199925760
224333824
199966720
236732416
224333824
199966720
224333824
199966720
199925760
199929856
199929856
199966720
224333824
199929856
199966720
224333824
199966720
199929856
199966720
199925760
224333824
199929856
199925760
224333824
199925760
224333824
199925760
199966720
224333824
199966720
199925760
224333824
199966720
199929856
199925760
224333824
199966720
199929856
224333824
199929856
207556608
236724224
199966720
199929856
224333824
199925760
213848064
199966720
199925760
199929856
228528128
199966720
224333824
224333824
199966720
224333824
199966720
199925760
199925760
199925760
226430976
205459456
199966720
199925760
199929856
199966720
224333824
199929856
224333824
199929856
199925760
224333824
199925760
199929856
224333824
199966720
199925760
224333824
199925760
199925760
199966720
224333824
199925760
199925760
222236672
199925760
199966720
199925760
235642880
224333824
199929856
224333824
199966720
199925760
199929856
224333824
234819584
203362304
199925760
224333824
199925760
199925760
224333824
199925760
199929856
224333824
199925760
224333824
199929856
236732416
224333824
199929856
199929856
218042368
224333824
199966720
230625280
199966720
199925760
224333824
199966720
199925760
199929856
224333824
199966720
199925760
224333824
199925760
199925760
224333824
199966720
224333824
203362304
199925760
199925760
224333824
199925760
199925760
224333824
199925760
224333824
199925760
224333824
199966720
199929856
224333824
199925760
224333824
199929856
224333824
199929856
224333824
203362304
199929856
199929856
224337920
199929856
199929856
220143616
224337920
199970816
199929856
199970816
224337920
199933952
224337920
199970816
236736512
224337920
199929856
224337920
199970816
199933952
224337920
199970816
199933952
224337920
199929856
199970816
199929856
232726528
207560704
224337920
199970816
199929856
224337920
199929856
199970816
199929856
199929856
224337920
199929856
199929856
224337920
199970816
199929856
199933952
224337920
199933952
224337920
199929856
199970816
199929856
199929856
199929856
199929856
199929856
199970816
199929856
224337920
203366400
199970816
199929856
199929856
224337920
211566592
236736512
220143616
199933952
199933952
218046464
205275136
236736512
213852160
200097792
224149504
211755008
199933952
222052352
207560704
207560704
230629376
199933952
199933952
205463552
228532224
199933952
199933952
200237056
199933952
234635264
199933952
199933952
207372288
199933952
218046464
205275136
199933952
213852160
200413184
199933952
234823680
199933952
236736512
207560704
199933952
217858048
205463552
228532224
199933952
199933952
200790016
203366400
199933952
234635264
199933952
232726528
209469440
236736512
218046464
199933952
228343808
215949312
199933952
226246656
199933952
234586112
207372288
199933952
209657856
199933952
218066944
205463552
228532224
215760896
199933952
203366400
199933952
213663744
235192320
222240768
232726528
209469440
199933952
220143616
199933952
228691968
199933952
199933952
203177984
199933952
235610112
199933952
199933952
209657856
199933952
219955200
207560704
230629376
217858048
199933952
226435072
199933952
213663744
236093440
224337920
199933952
232886272
199933952
199933952
207372288
232538112
218046464
203177984
228343808
236736512
213852160
236601344
228343808
211755008
199933952
199933952
230166528
236736512
217858048
199933952
205463552
226926592
213663744
199933952
200245248
199933952
233820160
199933952
222240768
199933952
199933952
218046464
205275136
224337920
199970816
199970816
199929856
199933952
236183552
224337920
199929856
199933952
223457280
199970816
199933952
199933952
199970816
199929856
199933952
223428608
199929856
199929856
203366400
199970816
199933952
199929856
199970816
205463552
205463552
199970816
199929856
199933952
233639936
199929856
223444992
199933952
199970816
199933952
199929856
199933952
199929856
223375360
199970816
199929856
219561984
199970816
199929856
199933952
223449088
199929856
199933952
223457280
199970816
199929856
199929856
199929856
199929856
236736512
199929856
199929856
223449088
199929856
199933952
199933952
199970816
199929856
199929856
199970816
199929856
199929856
223461376
199979008
199942144
233603072
199942144
220274688
207380480
199942144
218054656
205283328
227246080
215957504
200597504
227733504
211763200
199942144
199942144
209666048
199942144
217866240
205471744
227876864
199942144
199942144
201228288
199942144
234852352
218054656
199942144
199942144
222248960
205283328
199942144
236744704
203186176
199942144
213860352
199942144
199942144
232304640
219963392
199942144
229126144
199942144
199942144
225951744
213671936
199942144
222777344
209477632
199942144
199942144
207380480
232546304
218054656
199942144
226578432
199942144
236728320
199942144
199942144
211763200
199942144
199942144
224346112
203186176
199942144
205471744
227201024
215769088
199942144
200552448
199942144
215769088
199942144
199942144
231002112
205471744
199942144
227831808
215957504
199942144
224653312
211763200
234803200
221478912
199942144
231628800
199942144
199942144
228454400
215769088
199942144
225280000
211574784
199942144
224624640
209477632
199942144
218931200
218931200
207380480
199942144
224317440
203186176
199942144
236056576
209477632
199942144
232882176
219557888
199942144
229707776
199942144
216383488
203374592
226533376
213671936
236683264
223354880
211574784
233508864
220180480
199942144
230330368
199942144
218054656
199942144
227151872
199942144
236744704
200503296
223977472
199942144
228478976
199942144
220803072
207568896
230952960
205283328
199942144
205471744
199942144
236744704
201129984
224604160
211574784
199942144
221429760
209477632
236744704
218255360
205283328
228405248
215957504
199942144
225230848
211906560
235380736
207380480
199942144
232206336
214536192
199942144
229031936
234176512
215707648
203374592
225857536
199942144
236007424
199942144
199942144
232833024
219508736
199942144
229654528
216330240
203186176
199942144
213860352
199942144
199942144
233459712
220131328
200642560
234872832
216956928
205471744
199942144
199942144
223928320
211574784
199942144
199942144
209477632
230903808
217575424
205283328
199942144
199942144
224550912
205471744
199942144
199942144
231530496
199942144
199942144
228352000
215769088
203374592
236744704
219095040
199942144
199942144
232157184
218828800
207380480
199942144
199942144
225804288
199942144
199942144
236744704
209666048
199942144
199942144
199942144
229531648
213458944
199942144
199942144
199942144
233402368
220151808
207380480
199942144
199942144
236744704
213860352
200404992
199942144
199942144
236744704
207568896
199942144
199942144
199942144
226287616
209666048
217325568
235659264
235659264
247521280
235659264
235659264
264015872
250691584
215879680
234217472
269553664
256229376
206106624
200577024
199942144
230637568
215769088
199942144
199942144
235905024
224346112
209477632
199942144
199942144
199942144
236744704
222060544
218882048
220442624
227205120
244699136
264794112
207380480
199942144
199942144
236744704
215957504
207380480
199942144
199942144
199942144
232734720
217866240
205471744
199942144
199942144
199942144
234614784
218054656
209477632
199942144
199942144
228352000
215957504
203186176
218816512
236118016
236118016
232067072
220151808
207380480
199942144
199942144
226254848
213860352
199942144
199942144
232693760
219963392
199942144
199942144
199942144
226443264
213671936
199942144
199942144
233320448
220151808
207380480
199942144
199942144
236744704
236744704
224157696
200548352
199942144
199942144
236744704
228352000
205471744
199942144
199942144
199942144
234643456
209666048
199942144
236744704
220151808
205283328
199942144
199942144
234643456
211763200
205283328
199942144
199942144
199942144
230637568
215769088
203374592
199942144
235810816
224346112
209477632
199942144
199942144
199942144
236744704
209477632
200646656
199942144
199942144
233263104
219963392
207568896
199942144
199942144
199942144
236744704
213860352
203186176
199942144
199942144
232546304
218054656
205283328
199942144
199942144
226254848
211763200
199942144
199942144
236744704
219963392
205471744
199942144
199942144
226443264
213671936
199942144
199942144
232546304
220151808
207380480
199942144
199942144
227553280
213860352
199942144
199942144
199942144
222060544
207568896
199942144
199942144
226443264
213671936
199942144
199942144
233213952
220151808
199942144
199942144
199942144
226865152
213860352
200216576
199942144
199942144
236744704
209666048
199942144
199942144
199942144
199942144
224321536
211574784
199942144
199942144
199942144
199942144
228118528
215957504
203186176
199942144
236744704
221769728
209666048
199942144
199942144
199942144
199942144
225566720
213671936
199942144
199942144
199942144
226017280
207380480
199942144
199942144
199942144
236339200
223014912
199942144
199942144
199942144
236744704
217866240
203374592
199942144
199942144
223641600
211574784
199942144
199942144
199942144
199942144
227438592
215957504
200790016
199942144
236744704
227631104
209666048
199942144
199942144
199942144
199942144
203374592
199938048
223428608
199938048
200912896
199938048
199938048
199979008
199942144
199979008
199938048
199938048
199979008
199942144
224346112
199979008
199938048
224346112
199979008
199950336
224354304
199987200
199950336
209674240
199987200
199946240
223457280
199987200
226451456
211582976
233656320
220344320
199987200
199946240
199946240
199987200
199946240
229797888
199946240
199946240
223449088
199950336
233594880
199950336
199950336
222162944
199950336
199950336
227172352
199950336
199950336
200523776
199950336
234147840
213680128
199950336
231010304
217874432
199950336
227876864
215777280
201256960
224727040
199950336
233414656
199950336
199950336
231436288
199950336
199950336
205291520
236752896
215965696
203194368
224915456
211771392
199950336
221655040
209674240
231743488
219971584
199950336
228483072
199950336
236752896
207577088
199950336
213680128
235315200
221982720
199950336
209485824
199950336
199950336
228913152
199950336
199950336
207388672
199950336
235880448
222572544
209674240
232755200
219971584
199950336
229601280
216240128
201195520
199950336
213680128
199950336
199950336
211582976
233082880
205479936
199950336
229789696
218062848
203194368
199950336
236568576
222060544
199950336
233279488
211582976
199950336
229982208
199950336
217874432
203382784
199950336
236752896
199958528
199950336
211582976
199950336
220160000
199950336
230166528
199950336
199950336
228360192
213868544
213868544
199950336
223580160
211771392
199950336
199950336
230322176
199950336
199950336
227135488
203194368
199950336
199950336
222248960
199950336
220762112
205291520
230899712
217571328
205291520
199950336
199950336
201056256
199950336
234663936
221339648
199950336
231481344
218152960
199950336
211771392
199950336
215777280
203382784
199950336
235024384
199950336
236752896
209485824
199950336
235540480
205291520
199950336
199950336
203194368
199950336
235618304
222199808
199950336
232361984
219045888
199950336
199987200
199946240
199946240
199946240
203382784
199946240
199946240
199950336
199987200
199950336
199950336
224026624
199987200
199946240
220160000
199987200
199946240
199987200
199950336
199950336
228212736
211771392
199946240
199950336
199950336
199991296
199991296
199950336
199950336
199991296
199950336
199950336
199950336
224489472
199991296
199954432
199950336
199991296
199954432
199950336
199991296
223449088
199991296
199950336
199991296
199950336
170401792
170401792
170401792
170401792
170401792
170401792
170401792
