14344192
14970880
15040512
15056896
15167488
15196160
37199872
104726528
138735616
192741376
192770048
247300096
354070528
399458304
495738880
567771136
594264064
611217408
563122176
636026880
611950592
613949440
639111168
593420288
650088448
650772480
658862080
669908992
670052352
666521600
632832000
668958720
635043840
670081024
632885248
632889344
669376512
632893440
669417472
632893440
634462208
669413376
632905728
669409280
632905728
654467072
665825280
670109696
686886912
686886912
683294720
686915584
683294720
683294720
683294720
683298816
683298816
683298816
683298816
683298816
683298816
686919680
683302912
686960640
683311104
701370368
697749504
697757696
697757696
701390848
697765888
697765888
701394944
697765888
701374464
697765888
697778176
697778176
697778176
701419520
697778176
697778176
697786368
697778176
697778176
697778176
697778176
701403136
697782272
697782272
701435904
697782272
701390848
697786368
701116416
701394944
697786368
701493248
697786368
701394944
697786368
697786368
701415424
697786368
707158016
710787072
664363008
697786368
697786368
697786368
697786368
697786368
701411328
697798656
697798656
698982400
697798656
701440000
697798656
697798656
697798656
701435904
697798656
701485056
697798656
701431808
697798656
697798656
697798656
701464576
697798656
697798656
697802752
697798656
701464576
697798656
697798656
697798656
697798656
697798656
700530688
697901056
697901056
701546496
701566976
697942016
701566976
697942016
697942016
701644800
697942016
697942016
701612032
697946112
697946112
697946112
697946112
701579264
697946112
697958400
697946112
697946112
701628416
697946112
701526016
697946112
697946112
701603840
697946112
701599744
697946112
697946112
701599744
697954304
697950208
697950208
701612032
697950208
697950208
701603840
697950208
697950208
697954304
697954304
701542400
697954304
697954304
697954304
701640704
697954304
697954304
697966592
697962496
701603840
697954304
701702144
697954304
697954304
697958400
697954304
697954304
701612032
697954304
697954304
701505536
697954304
701624320
697954304
701624320
697954304
697954304
697954304
697958400
697958400
697958400
697958400
701554688
697958400
697958400
697966592
697958400
697958400
697958400
697958400
701616128
697958400
697958400
697958400
697958400
697958400
697958400
697958400
701595648
697958400
697958400
697958400
697970688
750272512
698187776
664535040
694329344
697958400
703082496
699244544
665952256
665952256
665952256
682598400
682598400
692056064
695746560
692064256
692064256
703037440
699375616
699375616
703070208
699375616
703070208
699375616
699375616
699375616
699375616
703037440
699375616
699375616
703029248
699375616
703057920
699375616
699375616
699383808
699396096
699482112
699494400
703152128
699482112
703168512
699482112
686526464
682835968
686239744
682835968
686493696
682848256
702357504
699494400
699494400
699494400
699494400
703180800
699494400
699494400
699494400
699494400
703533056
699494400
703172608
703172608
703164416
699494400
703176704
710897664
751366144
771166208
700878848
704532480
679329792
697057280
693370880
697118720
704344064
700682240
700682240
704368640
700690432
700682240
704356352
717455360
717455360
721055744
717455360
717463552
717463552
717463552
721133568
717463552
721158144
717463552
717463552
717463552
721154048
717463552
721154048
717467648
721149952
717467648
717467648
721186816
720367616
717467648
721211392
717467648
717467648
721162240
721166336
717467648
721149952
717467648
721149952
717467648
717467648
721170432
717471744
717471744
717471744
717471744
721108992
717471744
717475840
719888384
717471744
717484032
721166336
721358848
717484032
721182720
717484032
717484032
721182720
717484032
717484032
717484032
721612800
717484032
717484032
717492224
717484032
717484032
721170432
717484032
721190912
717484032
717484032
717484032
717484032
717484032
721186816
717484032
717484032
717484032
717492224
717484032
717484032
717484032
726831104
717484032
717484032
721231872
717484032
717484032
717492224
717484032
720920576
717484032
717484032
721420288
717484032
721190912
717484032
721256448
717484032
721190912
717484032
717484032
717484032
721174528
717488128
721141760
717488128
717488128
717488128
721195008
717488128
721125376
717488128
717496320
717488128
717496320
717488128
717488128
717488128
717488128
721104896
717488128
721195008
717488128
717488128
717488128
721186816
717488128
721199104
717488128
717488128
717488128
717488128
717488128
717488128
721133568
717488128
721195008
717488128
717488128
721129472
717488128
717488128
721129472
717488128
721174528
717488128
721158144
717488128
717488128
721088512
717488128
721215488
717492224
721117184
717492224
717492224
721129472
717492224
717492224
721199104
717492224
721186816
717492224
717492224
717492224
717492224
717492224
721199104
717492224
717492224
717492224
721092608
717492224
721211392
717492224
717492224
721149952
717492224
721195008
717492224
720977920
717492224
721088512
717492224
721113088
721199104
717492224
717492224
721178624
717492224
717492224
717492224
719142912
717492224
721117184
717492224
717492224
721199104
717492224
721174528
717492224
717492224
721133568
717492224
721133568
717492224
717492224
717492224
721117184
717492224
717492224
721379328
717492224
717492224
721195008
717492224
717492224
717492224
717492224
721178624
717492224
717492224
721203200
717492224
721129472
717492224
721203200
717492224
721133568
717492224
717492224
721616896
717492224
721416192
717492224
721141760
717492224
721154048
717492224
717504512
721190912
721248256
717508608
717492224
721231872
721207296
717492224
721186816
721195008
717492224
721133568
717492224
717492224
717492224
717492224
717500416
721207296
717492224
717504512
717492224
717492224
717492224
721203200
717492224
717492224
721117184
717492224
721133568
717492224
721428480
717492224
721166336
737959936
717492224
717492224
721063936
717496320
717500416
717492224
721133568
721211392
717492224
721121280
717492224
727474176
717492224
721133568
721207296
717496320
721211392
721391616
717496320
721223680
717496320
721117184
717496320
717496320
717496320
721149952
717496320
717496320
717504512
717496320
723230720
684072960
720814080
717496320
721145856
721133568
717496320
721215488
721211392
717500416
721129472
717500416
717500416
721125376
717500416
721190912
717500416
717500416
721174528
717500416
717512704
721137664
717500416
717500416
717500416
717500416
721137664
717500416
721211392
717500416
721145856
721231872
717500416
721211392
721350656
717500416
721235968
717500416
721125376
717500416
721166336
721203200
717500416
721199104
717500416
721215488
717500416
721141760
717500416
721211392
717500416
717500416
721215488
721207296
717508608
717500416
721137664
717500416
721125376
721190912
717500416
721145856
721199104
717500416
721121280
717500416
721182720
720982016
717500416
721145856
717500416
721248256
721264640
717500416
717504512
717500416
717504512
721211392
717500416
721133568
717500416
721215488
717508608
721137664
721215488
717500416
717500416
721223680
717500416
717500416
721104896
721211392
717500416
721240064
721211392
717500416
717500416
717500416
721137664
721190912
717500416
721133568
717500416
717500416
721154048
717500416
717500416
721195008
717500416
721207296
717500416
717500416
717500416
718528512
700854272
704495616
717500416
717500416
721195008
717500416
721211392
721125376
717500416
721199104
721178624
717500416
721203200
721190912
717500416
721141760
717500416
721211392
721170432
717500416
721170432
721195008
717500416
721227776
717500416
717508608
721248256
721248256
721248256
730624000
730624000
730738688
730738688
684077056
684077056
684077056
713900032
710209536
721117184
717500416
721317888
717500416
717500416
721219584
717500416
717512704
721211392
717500416
717500416
721190912
717500416
717500416
721244160
717504512
721113088
721215488
717504512
721199104
721219584
717504512
721186816
717504512
717504512
721215488
717504512
717504512
717504512
721227776
721199104
717504512
721215488
719507456
721199104
721215488
717504512
721219584
717504512
721207296
721199104
717504512
717504512
717504512
717504512
717504512
721240064
717504512
721199104
717504512
721207296
717504512
721162240
717504512
721281024
717504512
721219584
717504512
721223680
717504512
721244160
717504512
721215488
717504512
721211392
717504512
717504512
721219584
717504512
721174528
717504512
721100800
717520896
717504512
717504512
721297408
717504512
717504512
717504512
721182720
717504512
721227776
717504512
721190912
721199104
717504512
725417984
717504512
721555456
717504512
717504512
717504512
720744448
717504512
721215488
717504512
717504512
721219584
717504512
721190912
717504512
721199104
717504512
717504512
721215488
717504512
721530880
717504512
717516800
721215488
717504512
721195008
717504512
721215488
717504512
721215488
717504512
717504512
717504512
721096704
717504512
721195008
721219584
717504512
717504512
717504512
721219584
717504512
721211392
717504512
721195008
717508608
717508608
721215488
717520896
721235968
718077952
718077952
721936384
718180352
718192640
718180352
718180352
721367040
721874944
718180352
721833984
718196736
718180352
718196736
718180352
718180352
721858560
718180352
721928192
721883136
718188544
721920000
721903616
718188544
721899520
718188544
718188544
721879040
718188544
721883136
718188544
718196736
718188544
721903616
718188544
718188544
718188544
721924096
718188544
720928768
718188544
721911808
718188544
721899520
718188544
721600512
718188544
721903616
721829888
718188544
721846272
721903616
718188544
721920000
721899520
718188544
718188544
718188544
718188544
721813504
718188544
718188544
718192640
718188544
718188544
721920000
718188544
721903616
718188544
721903616
718188544
721899520
718192640
718188544
721899520
718188544
719851520
718188544
705253376
701542400
705265664
718188544
718188544
718188544
721879040
718188544
718188544
721891328
721903616
718188544
721784832
718196736
718192640
718188544
721903616
718188544
721907712
721817600
718188544
721825792
718188544
721883136
718188544
718188544
721874944
721903616
718188544
721899520
718188544
718192640
721879040
718188544
718196736
721887232
718188544
718188544
721903616
718188544
718188544
718188544
718188544
721522688
718188544
718188544
718192640
718200832
718188544
721891328
718188544
721600512
718188544
721784832
718188544
718188544
718188544
721895424
718192640
718192640
718188544
718188544
724226048
718188544
721887232
718188544
721883136
718188544
721879040
718188544
718188544
718188544
721887232
718192640
718192640
721907712
718192640
718192640
718192640
721903616
718192640
718200832
721928192
718200832
721895424
718200832
721870848
718200832
718200832
721920000
718200832
718200832
718213120
721895424
718200832
718200832
718200832
721915904
718200832
718200832
721866752
721866752
721883136
738643968
718217216
718200832
718200832
718213120
718200832
721948672
718200832
721895424
721776640
718200832
721960960
718200832
718200832
721903616
718200832
721956864
718200832
718200832
718200832
721891328
718200832
718200832
718200832
718200832
721932288
721903616
718200832
718200832
721895424
718200832
718200832
722079744
718200832
721911808
718200832
718200832
721915904
718200832
729710592
770441216
759902208
759914496
754520064
726470656
674861056
690614272
686919680
690593792
690724864
686985216
686985216
686985216
690696192
686985216
686985216
705126400
701427712
705105920
701427712
701427712
705122304
701427712
705122304
705122304
701427712
701427712
701435904
701427712
705150976
701427712
705142784
701427712
701427712
701427712
705142784
701427712
701427712
705146880
701427712
701427712
705130496
701427712
701427712
708628480
668004352
697864192
701427712
705130496
701427712
705126400
701427712
701427712
705200128
701427712
705183744
701427712
702480384
701427712
701427712
701427712
701427712
705146880
701427712
705146880
701427712
701427712
705171456
701427712
701427712
701427712
701427712
705081344
701427712
701427712
705142784
701427712
705138688
701427712
705216512
701427712
705150976
701427712
701427712
705146880
701427712
701427712
705142784
701427712
701427712
701427712
701427712
701427712
701427712
701427712
705126400
701427712
701427712
705167360
701427712
705179648
701427712
705126400
701427712
705155072
701427712
705146880
701431808
701431808
701444096
701431808
705130496
701431808
705146880
705134592
701431808
705150976
701431808
705220608
701440000
705097728
705200128
701431808
705150976
701431808
701431808
701435904
701431808
701431808
701431808
705097728
701431808
701431808
705146880
701431808
705585152
701431808
701431808
701431808
701431808
701440000
701431808
701431808
705138688
701431808
701431808
701448192
701431808
701431808
705167360
701431808
705101824
701440000
701435904
701431808
701431808
705134592
701431808
702988288
701431808
701431808
705077248
701431808
701431808
701431808
701431808
701431808
701431808
705126400
701431808
705130496
701431808
710594560
701431808
701431808
701431808
701435904
705150976
701431808
705130496
701431808
705150976
701431808
701431808
701431808
705130496
705150976
701431808
701431808
701431808
705122304
705134592
701431808
701431808
705130496
701431808
705171456
701431808
705060864
701431808
701431808
701440000
701431808
701431808
705155072
701431808
705155072
701431808
705159168
701431808
705081344
701431808
701431808
704376832
701431808
701431808
705146880
701431808
705101824
701431808
701440000
701431808
704593920
701431808
705130496
701431808
705146880
701431808
705085440
701431808
701431808
701431808
701431808
705150976
701431808
705122304
705122304
701431808
701431808
701431808
705146880
701431808
705130496
701431808
705150976
701431808
701431808
701431808
705126400
701431808
701444096
701431808
705249280
701431808
701431808
705122304
701431808
701431808
705232896
701431808
705150976
701431808
705130496
701431808
701435904
705069056
701431808
701431808
701431808
705142784
701431808
701431808
705155072
701431808
701431808
705126400
701431808
705617920
701431808
705134592
705134592
705150976
701431808
705200128
701431808
705163264
701431808
705163264
701431808
701431808
701444096
701431808
705146880
701431808
701431808
701431808
701431808
701431808
705150976
701431808
701431808
705126400
701431808
705110016
701431808
701431808
705150976
701431808
701431808
705138688
701431808
701431808
705056768
701431808
701431808
705130496
701431808
701431808
705097728
649871360
683294720
649871360
687124480
649871360
683302912
683352064
649871360
687042560
683343872
649871360
649871360
683294720
683294720
683294720
683294720
683294720
683294720
683294720
683294720
683294720
683294720
683294720
683294720
683360256
687063040
683294720
683294720
687591424
683618304
706002944
840105984
751939584
715079680
757354496
748490752
780042240
701419520
785072128
710680576
659496960
770654208
701370368
774561792
707264512
714354688
630263808
650084352
740888576
676438016
781369344
725635072
661692416
751173632
679981056
819634176
689971200
696532992
679378944
667811840
744112128
677150720
785842176
692076544
677150720
772915200
677150720
813400064
677990400
634552320
694206464
679981056
750411776
647143424
774021120
669417472
670961664
674385920
670961664
745451520
685461504
769740800
688160768
811540480
686874624
686874624
716689408
671199232
805855232
677224448
672702464
717414400
672702464
763105280
675459072
803852288
678010880
678010880
780107776
682246144
742064128
651227136
765919232
669368320
811958272
672755712
760426496
659705856
787566592
677896192
679403520
700588032
679403520
741089280
679403520
795164672
717389824
835665920
723984384
693272576
837832704
707956736
674533376
700358656
679985152
745283584
688615424
784977920
681021440
731729920
681021440
775966720
684675072
816484352
684675072
684675072
709791744
692088832
757739520
654327808
786132992
684888064
833101824
692260864
785584128
703803392
827629568
712990720
693805056
720904192
767410176
738144256
730607616
707960832
801775616
693805056
693805056
695050240
733560832
738668544
832303104
696758272
778743808
703553536
818786304
696758272
696758272
696741888
754679808
696741888
696905728
696741888
790851584
696741888
700420096
696864768
700432384
732295168
700436480
696864768
700440576
696864768
700387328
696864768
700469248
799244288
703889408
742735872
700497920
770994176
696791040
700444672
696782848
696741888
767287296
700452864
700465152
696864768
696741888
696741888
696782848
696823808
700477440
696864768
696741888
767336448
728440832
708009984
696741888
767287296
700473344
696741888
745857024
700456960
773894144
696864768
700461056
696741888
696864768
696864768
700416000
696864768
701374464
700440576
720265216
696864768
700493824
760770560
663322624
663400448
700485632
663318528
743796736
696799232
711643136
663400448
700534784
663400448
700489728
663318528
743788544
663404544
663486464
715685888
704425984
750452736
646856704
741113856
646778880
756264960
696942592
711770112
663425024
737304576
663519232
743890944
696860672
696942592
700796928
697126912
712785920
663588864
700702720
663506944
663506944
663588864
663588864
663588864
663588864
663588864
663588864
663588864
663588864
663588864
663588864
663588864
663588864
663588864
663588864
663588864
663588864
663588864
663588864
663588864
663588864
663588864
663588864
663588864
663588864
663588864
663588864
663588864
663588864
663588864
663588864
663588864
663588864
663588864
663588864
663588864
663588864
663588864
663588864
663588864
663588864
663588864
663588864
663588864
663588864
663588864
663588864
663588864
663588864
663588864
663588864
663588864
663588864
663588864
663588864
663588864
663588864
663588864
663588864
663588864
663588864
663588864
663588864
663588864
663588864
663588864
663588864
663588864
663588864
663588864
663588864
663588864
663588864
663588864
663588864
663588864
663588864
663588864
663588864
663588864
663588864
663588864
663588864
663588864
663588864
663588864
663588864
663588864
663588864
663588864
663588864
663588864
663588864
663588864
663588864
663588864
663588864
663588864
663588864
743976960
743976960
743976960
743976960
743976960
743976960
743976960
743976960
743976960
743976960
743976960
743976960
743976960
743976960
743976960
743976960
743976960
743976960
743976960
743976960
743976960
743976960
743976960
743976960
743976960
743976960
743976960
743976960
743976960
743976960
743976960
743976960
743976960
743976960
743976960
743976960
743976960
743976960
743976960
743976960
743976960
743976960
743976960
743976960
743976960
743976960
743976960
743976960
743976960
743976960
743976960
743976960
743976960
743976960
743976960
743976960
743976960
743976960
743976960
743976960
743976960
743976960
743976960
743976960
743976960
743976960
743976960
743976960
715796480
756576256
756576256
756576256
756576256
756576256
756576256
756576256
756576256
756576256
756576256
756576256
756576256
756576256
756576256
756576256
850505728
850505728
850505728
850505728
850505728
850505728
850505728
850505728
850505728
850505728
850505728
850505728
850505728
850505728
850505728
850505728
850505728
850505728
850505728
850505728
850505728
723288064
799551488
799551488
799551488
799551488
799551488
799551488
799551488
799551488
799551488
799551488
799551488
799551488
799551488
799551488
799551488
799551488
799551488
799551488
799551488
799555584
799555584
799555584
799555584
799555584
799555584
799555584
799555584
738512896
766595072
766595072
766595072
766595072
766595072
766595072
766595072
766595072
766595072
766595072
766595072
766595072
766595072
766595072
766595072
766595072
766595072
766595072
766595072
766595072
860524544
860524544
860524544
860524544
738508800
790061056
790061056
790061056
738865152
754315264
754315264
754315264
850382848
850382848
850382848
850382848
850382848
850382848
850382848
850382848
850382848
850382848
850382848
850382848
850382848
850382848
850382848
850382848
850382848
850382848
850382848
850382848
850382848
850382848
850382848
850382848
850382848
850382848
850382848
850382848
850382848
850382848
752881664
794869760
794869760
794869760
794869760
794869760
794869760
794869760
794869760
794869760
794869760
794869760
794869760
794869760
794869760
794869760
794869760
794869760
794869760
794869760
794869760
794869760
863293440
755458048
849223680
849223680
849223680
849223680
849223680
849223680
849223680
866463744
778874880
855560192
752885760
900096000
783147008
877043712
752885760
719462400
752087040
752873472
788299776
762007552
859496448
760811520
794836992
760815616
846766080
760807424
824074240
760815616
895787008
742318080
829386752
744038400
762261504
726622208
742195200
781295616
758984704
847310848
765833216
830291968
765845504
732418048
755036160
749068288
811917312
749064192
843411456
802639872
803426304
839446528
788516864
747950080
869339136
770875392
772595712
791076864
883003392
786374656
770875392
779808768
863698944
757022720
849940480
740163584
753770496
783618048
790601728
834129920
720371712
755728384
790593536
812777472
763629568
844754944
763633664
763633664
813588480
763633664
795226112
865648640
763637760
846344192
746180608
874242048
781778944
878718976
727150592
847691776
760008704
802942976
761565184
859377664
761565184
899944448
761565184
911790080
759988224
891998208
817127424
745377792
764383232
874463232
761561088
761561088
767819776
861716480
761556992
846778368
761561088
848969728
765702144
801611776
737153024
826925056
770572288
793067520
880984064
832507904
770572288
847458304
770576384
913674240
770576384
860360704
770572288
822095872
770572288
828350464
777003008
888197120
770568192
770576384
781570048
770572288
809242624
809242624
770576384
862720000
770572288
880984064
849989632
770572288
860557312
770576384
770572288
839094272
770576384
770572288
771026944
770576384
905646080
770576384
770576384
861495296
770576384
770576384
791097344
770576384
807378944
775168000
770576384
908005376
788807680
770576384
896872448
788418560
770576384
882528256
770568192
770576384
859627520
770568192
840462336
770576384
770572288
844722176
770576384
770576384
864067584
770568192
770576384
872157184
770568192
812326912
880226304
750575616
774045696
828649472
768937984
761217024
832024576
796291072
762773504
845516800
785571840
762769408
845824000
791289856
763957248
851632128
788594688
740257792
816877568
788189184
790519808
823980032
758218752
837545984
820346880
779677696
826617856
816984064
773312512
839512064
809029632
769601536
793853952
856215552
786718720
765915136
872083456
801157120
765915136
797974528
800419840
767025152
847282176
799682560
802717696
787312640
806404096
797458432
784130048
808579072
765915136
780947456
835276800
765911040
873357312
831889408
765911040
865464320
816107520
765911040
823816192
812781568
765911040
843214848
843214848
828485632
843276288
802119680
812093440
842465280
825434112
793616384
793673728
786833408
791031808
818286592
809897984
767762432
791982080
804892672
771006464
750985216
847417344
771719168
753799168
810614784
779157504
753799168
802222080
770764800
765431808
811069440
834338816
763781120
793149440
797536256
767975424
764022784
777682944
750489600
795680768
805216256
746700800
760430592
763269120
744603648
796516352
763908096
788131840
814440448
759709696
755523584
796131328
784637952
777203712
830779392
793026560
757178368
793976832
786735104
793980928
854994944
831930368
813056000
757182464
777207808
779497472
757182464
757186560
828882944
757178368
803262464
843304960
752037888
775114752
793038848
769966080
777216000
758337536
786202624
740409344
777211904
811069440
740409344
810893312
804704256
740409344
770904064
795914240
740409344
781103104
821018624
755101696
814477312
825126912
753799168
775917568
825098240
753799168
771555328
822263808
753795072
753799168
854245376
753795072
790601728
847974400
783142912
766967808
877260800
777318400
766971904
841715712
794423296
766971904
891117568
801251328
777445376
853061632
780804096
751017984
871616512
763801600
751017984
856268800
751017984
805195776
805195776
805195776
805195776
805195776
805195776
805195776
805195776
805195776
805195776
805195776
805195776
805195776
805195776
805195776
805195776
805195776
805195776
805195776
805195776
805195776
805195776
805195776
805195776
805195776
805195776
805195776
895950848
751017984
847880192
847880192
847880192
847880192
751017984
789159936
789159936
789159936
789159936
789159936
889823232
889823232
889823232
889823232
751017984
832458752
832458752
832458752
751017984
780771328
780771328
873046016
775434240
821972992
821972992
751017984
763994112
864657408
751017984
807088128
898097152
898097152
758456320
751017984
888877056
784769024
751017984
873050112
782675968
751022080
810627072
797093888
753807360
850669568
753807360
862113792
825503744
759148544
786411520
844382208
764489728
867446784
753807360
816373760
753807360
859058176
772136960
790609920
842280960
842280960
842280960
753807360
791207936
791207936
791207936
883482624
883482624
883482624
883482624
753807360
833892352
833892352
735469568
856219648
856219648
752857088
800337920
737030144
841334784
771928064
773828608
808726528
737030144
844378112
737030144
769003520
738234368
837193728
738230272
790859776
738234368
751210496
751210496
843485184
843485184
738230272
778473472
848642048
836423680
741126144
847331328
781631488
741130240
871546880
783470592
741130240
854769664
759857152
741130240
741408768
741408768
851816448
851816448
901013504
800538624
800538624
800538624
800538624
800538624
892813312
753803264
753803264
783761408
882327552
759144448
826650624
826650624
753803264
827408384
814067712
753803264
757063680
893739008
788701184
753803264
798040064
764481536
786411520
789745664
790802432
782217216
785461248
786608128
763342848
888950784
783974400
753803264
843231232
793849856
753803264
784310272
798621696
816476160
816476160
816476160
816476160
753803264
819019776
797818880
753811456
870940672
772878336
852246528
852246528
852246528
852246528
852246528
852246528
852246528
852246528
852246528
852246528
852246528
852246528
852246528
753811456
832839680
832839680
832839680
753590272
872415232
769634304
753811456
766787584
766787584
766787584
766787584
766787584
861687808
861687808
861687808
861687808
861687808
861687808
861687808
753807360
796147712
796147712
796147712
796147712
864043008
864043008
753811456
850673664
770781184
857911296
828755968
753811456
875118592
753811456
753807360
768884736
753811456
859070464
754872320
845328384
788709376
753811456
823099392
793210880
753811456
811712512
738508800
773836800
772882432
769835008
782221312
870051840
775929856
753807360
782413824
753811456
790609920
769830912
753811456
790609920
797093888
753811456
808730624
896057344
896057344
896057344
827416576
847835136
901021696
791953408
753807360
815022080
759152640
790614016
824561664
753811456
817119232
753807360
832364544
753811456
825974784
765440000
786894848
813359104
753807360
822259712
753811456
822870016
753811456
775176192
775176192
775176192
775176192
860864512
860864512
753807360
796147712
753811456
754302976
754302976
754302976
849444864
849444864
849444864
753811456
799600640
753811456
827416576
783564800
753811456
771735552
768475136
864612352
759152640
816377856
755449856
757088256
757088256
757088256
851001344
753811456
827416576
823410688
753811456
873672704
787562496
833896448
833896448
769835008
775176192
866918400
866918400
753811456
816377856
753811456
766787584
766787584
853671936
853671936
853671936
853671936
853671936
853671936
853671936
853671936
853671936
853671936
851382272
753799168
665772032
699113472
699154432
699154432
702873600
665731072
702803968
665690112
723333120
665690112
733818880
699170816
702869504
723333120
702758912
665731072
702640128
665731072
702865408
699203584
713965568
672260096
672301056
709402624
708653056
702840832
723333120
702873600
699207680
714203136
671997952
709107712
665731072
686247936
649043968
649084928
649084928
649084928
649084928
649084928
649084928
649084928
720748544
746876928
731566080
738525184
680333312
702844928
747495424
635957248
723333120
665690112
665731072
702885888
665690112
735981568
702935040
702935040
702935040
748609536
748609536
748609536
748609536
748609536
748609536
752119808
773910528
773910528
773910528
773910528
773910528
773910528
866168832
866168832
866168832
866168832
866168832
866168832
866168832
747454464
787963904
787963904
787963904
787963904
787963904
787963904
787963904
787963904
787963904
787963904
787963904
787963904
751996928
780152832
780152832
780152832
780152832
780152832
780152832
780152832
873484288
873484288
873484288
873484288
751988736
786026496
701849600
843321344
734613504
799326208
736694272
834478080
755884032
739274752
822489088
724660224
848474112
725803008
727363584
821886976
734613504
701190144
789192704
734609408
838627328
736473088
747302912
822763520
741830656
751931392
697647104
716201984
777756672
741052416
806662144
767881216
733061120
822415360
714878976
718675968
799838208
727470080
734076928
795090944
734072832
770879488
782229504
735526912
824131584
749748224
773865472
813150208
737062912
853864448
773783552
737062912
758906880
737062912
787935232
737067008
844623872
775311360
737525760
840519680
749756416
740704256
797970432
752177152
775610368
792530944
749359104
841158656
767209472
855998464
744656896
723775488
830464000
731262976
732774400
745492480
732770304
818708480
736251904
811360256
761335808
737759232
817025024
737755136
774561792
803819520
737755136
820436992
770924544
740700160
810545152
740704256
873758720
742998016
740704256
863662080
758165504
740704256
754413568
740704256
794968064
740937728
835534848
740700160
846712832
766857216
752680960
832663552
740704256
895307776
763404288
858664960
751886336
731021312
803864576
745738240
774819840
868700160
734740480
725135360
848949248
731971584
742043648
721670144
700096512
760889344
700096512
770646016
700096512
839737344
701579264
791732224
718778368
712155136
787034112
728936448
880275456
773693440
733069312
745099264
856166400
760524800
772464640
833691648
839307264
733069312
821428224
734318592
831447040
734842880
867536896
751022080
827551744
754434048
803336192
740700160
817795072
740704256
879304704
740704256
740704256
843337728
740700160
838639616
763871232
763871232
763871232
740769792
744538112
744538112
744538112
744538112
812564480
744538112
791584768
744538112
744538112
744620032
781352960
744620032
744554496
744538112
768061440
744599552
768020480
744632320
781336576
711114752
768122880
711114752
711155712
744538112
744538112
744579072
753733632
744771584
711155712
711155712
744607744
711155712
744607744
723632128
744587264
711155712
768757760
744599552
744632320
744632320
744632320
744591360
744591360
711155712
744587264
768757760
744538112
781340672
711155712
744538112
744579072
744603648
768757760
744587264
768757760
744640512
744595456
711155712
744607744
768774144
711114752
768757760
711122944
768757760
744579072
744574976
681791488
681791488
