14409728
16945152
16990208
17022976
17051648
17051648
17072128
17145856
18919424
80564224
194543616
194678784
250646528
370307072
370356224
370397184
437792768
406376448
406401024
406401024
406401024
406401024
406401024
406401024
567054336
567054336
567054336
627609600
601243648
563503104
563503104
563503104
563503104
563503104
563630080
810622976
665128960
769380352
817491968
834080768
758718464
869351424
882475008
809312256
896172032
888803328
847024128
810209280
772575232
772861952
772874240
952352768
866811904
814583808
814845952
814845952
814845952
814845952
997199872
879996928
807071744
807276544
807276544
857346048
1003773952
1003773952
928661504
849608704
964493312
888782848
771710976
771710976
771710976
1027166208
899543040
885190656
1030119424
884944896
896663552
884903936
885190656
885190656
885190656
934543360
852733952
853020672
936738816
853565440
776728576
776888320
777019392
919490560
834498560
820502528
820502528
1010065408
776732672
776773632
894943232
906797056
820776960
929927168
835375104
901173248
897990656
852783104
810954752
1014931456
862572544
849580032
809676800
809676800
809680896
809680896
809680896
809680896
809394176
809680896
809680896
910692352
836202496
836345856
901849088
816230400
833568768
965681152
913432576
880795648
920297472
836591616
836612096
916140032
873373696
886468608
885084160
836616192
837705728
837828608
996057088
838615040
837664768
1015328768
905592832
806678528
772173824
986968064
903794688
829566976
829566976
982925312
819900416
772190208
771907584
846700544
889905152
772034560
772198400
772202496
923852800
802889728
974925824
888860672
820424704
963981312
854601728
950190080
893280256
856436736
895217664
833949696
834236416
987537408
894287872
798830592
798908416
798908416
1012187136
836349952
772804608
773009408
901865472
772726784
773013504
959717376
841207808
802656256
802942976
1008328704
915124224
772898816
950046720
852525056
885850112
906633216
850882560
993558528
855044096
851558400
807051264
807297024
1014001664
902008832
803291136
1012359168
896483328
803409920
1022906368
891035648
825663488
785199104
785444864
1000681472
887496704
772538368
991625216
881147904
772538368
993689600
885325824
805797888
805961728
883138560
815833088
952119296
883253248
775819264
965066752
842481664
821874688
821874688
983117824
889012224
832114688
971333632
822013952
878370816
865587200
808620032
823218176
808456192
935391232
911527936
772485120
1007726592
931930112
772567040
772567040
900030464
810795008
772567040
772567040
943394816
810840064
772571136
1067524096
812646400
772571136
1005752320
978477056
836317184
862904320
909135872
808583168
964349952
907620352
839573504
954667008
865988608
856186880
856186880
856186880
856432640
903991296
856203264
856391680
856473600
856473600
856473600
913354752
803258368
803483648
930009088
852713472
772571136
921821184
882593792
844427264
805994496
1023664128
1076015104
905564160
772968448
772571136
1034891264
859910144
779972608
883367936
807002112
772407296
1021521920
876507136
789217280
955965440
808529920
893161472
935780352
827490304
827637760
977612800
827551744
789016576
789221376
988241920
837513216
803110912
803110912
803110912
803110912
1035292672
897466368
803328000
979984384
803176448
803172352
1044365312
860143616
822636544
822718464
1038036992
883281920
772337664
772583424
964947968
772296704
772378624
791457792
821268480
921047040
823246848
788946944
789229568
789229568
789229568
1009254400
902184960
810893312
772583424
772583424
1029967872
855789568
856076288
1027526656
910405632
805720064
806006784
858832896
839458816
835665920
1032060928
772329472
915263488
963936256
855994368
1037029376
881127424
839430144
1066409984
816762880
772583424
1012232192
839012352
839053312
839299072
839299072
1004396544
1004396544
900214784
772583424
953012224
852574208
772583424
772583424
968040448
772296704
772583424
772583424
990310400
864301056
817213440
980226048
803074048
803074048
803360768
803360768
883654656
853307392
853430272
1017057280
805986304
802390016
997457920
886353920
802635776
829227008
875511808
772435968
796585984
909750272
772354048
772296704
772583424
841895936
886792192
806596608
772583424
1001377792
876699648
836935680
904699904
824664064
948981760
843124736
804827136
1004789760
909840384
772583424
986583040
841179136
838615040
838615040
838656000
1039695872
893161472
881852416
772583424
1006727168
839016448
839303168
955473920
851755008
772337664
925069312
844595200
798826496
889733120
804208640
911560704
883613696
831201280
904830976
888373248
979869696
894595072
893173760
941326336
883474432
961478656
931201024
891944960
863473664
869675008
859136000
925765632
934207488
855859200
897376256
1020907520
891224064
772575232
886611968
837459968
964100096
890712064
870522880
905228288
898936832
877273088
850456576
862175232
850415616
850620416
1017200640
906895360
816664576
1017503744
892862464
772329472
772616192
1006252032
1006252032
920408064
810864640
772329472
772493312
906240000
810893312
910385152
862720000
895574016
908533760
809377792
842067968
889450496
889245696
892669952
826040320
943632384
890523648
853766144
925859840
926466048
827469824
883232768
857354240
924684288
950906880
854130688
901492736
836583424
921989120
919470080
911249408
955318272
876384256
981131264
888688640
840175616
853270528
860794880
861757440
819806208
931520512
940376064
872259584
1025601536
819998720
772624384
1005027328
905580544
772419584
950177792
858599424
865234944
941801472
914907136
883634176
875819008
881737728
895455232
833683456
832184320
900730880
833118208
912072704
900403200
855007232
1019588608
873320448
856580096
972836864
919416832
802926592
961302528
846147584
920940544
913002496
824012800
772378624
931868672
880058368
921313280
1004695552
812687360
772378624
889696256
866787328
836812800
956416000
897314816
878149632
773120000
949563392
858525696
772468736
965242880
872468480
806010880
1006809088
884895744
772370432
901681152
883597312
887775232
899588096
897945600
916054016
974360576
866480128
891326464
889917440
828055552
869666816
1054142464
822726656
765734912
1030377472
804016128
773562368
843444224
898940928
800919552
955998208
830283776
881315840
878993408
780275712
950685696
926359552
765243392
983281664
1038262272
891236352
765317120
765030400
955564032
1004072960
822218752
830320640
899002368
765132800
822013952
817598464
822984704
944586752
852164608
832327680
1003253760
803586048
925343744
870170624
866631680
828080128
828080128
850317312
885067776
857055232
851333120
889532416
874008576
1053106176
841314304
797556736
948076544
883351552
809353216
917721088
881180672
835973120
845983744
899084288
776269824
776286208
937717760
875720704
856330240
927232000
833122304
843628544
903647232
913457152
847601664
906039296
1045733376
906076160
796028928
880922624
835940352
941871104
847679488
873566208
821776384
836251648
909037568
853901312
927703040
998187008
895008768
752472064
755879936
945565696
810373120
820289536
861364224
839737344
818974720
896630784
817315840
866619392
910856192
812072960
890724352
833245184
893362176
922103808
833327104
957493248
803319808
876572672
843493376
882892800
983453696
911527936
801378304
817668096
962150400
884490240
794202112
976699392
889090048
763150336
967503872
839659520
883343360
894214144
828358656
828698624
922312704
913055744
762966016
929325056
844271616
802603008
802635776
802594816
916889600
838012928
880103424
884166656
848748544
925683712
923742208
883388416
1012998144
902057984
787931136
891510784
809046016
809127936
937881600
813797376
828071936
908161024
853245952
883318784
883351552
916688896
880267264
816431104
1024032768
907456512
797503488
861208576
812298240
875229184
883277824
886603776
938778624
861818880
990142464
868741120
843841536
847163392
938696704
845012992
805142528
843657216
829816832
862466048
829816832
923910144
1008943104
867581952
862060544
885252096
878583808
911941632
855949312
941195264
919109632
883134464
1024827392
803917824
763305984
1002618880
795549696
884981760
871784448
763105280
986255360
812515328
763023360
763023360
763310080
1023516672
878419968
870514688
942956544
845295616
895029248
847917056
897327104
865222656
895021056
1061867520
880721920
861749248
860102656
795774976
859164672
836132864
832933888
998047744
883978240
776052736
763117568
984694784
885370880
763154432
882778112
923713536
852267008
928006144
871227392
882286592
950767616
865718272
927584256
847134720
858148864
931360768
813297664
996556800
892612608
854675456
763146240
852606976
849158144
822812672
985567232
893337600
841551872
929697792
849100800
949583872
841162752
793268224
850247680
944742400
822689792
854286336
898469888
871297024
914800640
838090752
892858368
894468096
898039808
906395648
816021504
816160768
1029595136
911425536
801742848
979169280
875327488
791461888
778551296
963948544
842833920
813744128
805109760
931549184
931729408
848400384
993132544
842010624
914247680
892764160
835133440
880861184
854798336
833802240
887304192
899616768
862887936
857772032
837267456
981184512
911470592
796573696
872267776
818728960
900395008
873197568
814125056
1032003584
903434240
844480512
917348352
847396864
847437824
918638592
1013084160
1013084160
917499904
768483328
792580096
766365696
919572480
938610688
862883840
970866688
872136704
895553536
939933696
889323520
889323520
856121344
863522816
856895488
856121344
958328832
912982016
837808128
922566656
912297984
820424704
1007771648
910958592
876470272
915804160
824057856
972996608
878706688
845377536
979980288
979980288
904843264
822358016
976326656
794939392
794918912
861581312
923467776
799449088
936398848
867627008
864370688
982675456
847396864
828280832
920379392
839733248
931962880
837578752
778293248
850612224
911736832
806686720
984907776
809406464
831688704
926244864
796626944
914874368
827109376
862973952
893337600
827207680
870768640
1008435200
852410368
837668864
897732608
816291840
984498176
873160704
920940544
875421696
849764352
1001746432
932352000
796946432
937472000
852041728
929824768
924647424
840724480
995766272
836227072
833056768
981262336
894332928
820183040
967081984
863584256
850268160
928018432
834670592
902905856
849199104
816197632
943869952
861511680
888025088
913321984
863858688
839897088
961527808
911716352
794042368
992391168
917692416
820060160
946180096
864190464
978366464
1078456320
869474304
863039488
947380224
833114112
905617408
833097728
814231552
841404416
934113280
839561216
909713408
903950336
780206080
1033584640
920043520
884584448
894160896
818978816
798027776
888246272
946532352
851144704
919244800
892686336
811085824
913776640
869228544
837799936
924393472
860639232
909078528
925614080
854536192
879718400
893222912
920035328
887726080
860061696
889749504
886898688
826638336
972709888
894775296
840654848
969912320
847011840
1013657600
857296896
746782720
956674048
877907968
791019520
944889856
867799040
829321216
924311552
826220544
866086912
837693440
875716608
890077184
829837312
880934912
829739008
840978432
994320384
903811072
777203712
917626880
869724160
922173440
886194176
802197504
973840384
852938752
840232960
850796544
773705728
986464256
843567104
763592704
1000513536
893001728
818278400
935202816
812503040
936902656
866279424
782770176
981225472
1000136704
838164480
902885376
910548992
848908288
972054528
877481984
894550016
1008992256
929296384
929546240
929517568
842715136
941613056
915292160
780124160
780124160
780124160
861331456
906928128
817086464
979296256
882925568
763445248
921620480
871186432
839098368
966561792
847302656
836952064
985309184
846958592
1009856512
843272192
813670400
979640320
807755776
804577280
815124480
853159936
891166720
869634048
850227200
884822016
860610560
905105408
833138688
856616960
860188672
885215232
924037120
804339712
945664000
888176640
852803584
956792832
763494400
858238976
873873408
849707008
965599232
835878912
853090304
925327360
791142400
917323776
874786816
799588352
922222592
847880192
803250176
870547456
787709952
893636608
867311616
840519680
936423424
848191488
868265984
911503360
831905792
1010130944
924995584
807899136
995930112
843702272
794374144
964104192
892923904
851173376
845684736
809979904
810020864
821301248
1003200512
850051072
763912192
993538048
855564288
864333824
891191296
811016192
1068335104
833814528
853094400
920399872
826126336
798134272
1055989760
885002240
828874752
903172096
827322368
827551744
992174080
924991488
857985024
978989056
862396416
915689472
1001611264
807915520
876105728
897150976
885686272
873025536
838582272
906919936
875450368
866242560
963690496
918523904
882012160
826613760
878632960
813862912
882008064
858411008
983097344
863686656
861655040
868904960
846008320
868192256
982650880
849584128
869306368
916893696
813780992
978960384
895041536
792076288
962793472
1015894016
878944256
773767168
884822016
864632832
826548224
826548224
938065920
894013440
823836672
823918592
969510912
917970944
803479552
871927808
907001856
856584192
999276544
920096768
892309504
901529600
853581824
951586816
889241600
883867648
883527680
852766720
937009152
856961024
867250176
877031424
852652032
948789248
916504576
773906432
973570048
882126848
865771520
952553472
918786048
773865472
1002905600
858034176
781336576
773767168
792956928
893661184
840564736
936898560
897818624
833433600
922017792
834187264
873283584
873566208
810881024
976879616
905146368
773767168
873971712
865656832
833511424
970903552
864665600
827387904
826019840
880975872
933625856
823836672
956436480
942338048
841207808
926171136
827244544
823959552
1003421696
926351360
881664000
890478592
864915456
1013010432
872718336
913215488
962928640
856092672
883490816
876752896
916578304
940630016
773795840
914718720
901693440
813838336
774053888
773849088
1008693248
875302912
864452608
958189568
860753920
1017180160
854192128
852426752
898523136
848695296
893124608
862138368
870948864
904966144
843345920
998662144
890458112
843472896
1019326464
865009664
798232576
907399168
818065408
816893952
790495232
921403392
914296832
837025792
960622592
793354240
793489408
793448448
1009090560
885587968
836354048
908800000
852840448
924860416
954380288
855797760
973250560
912814080
855793664
773890048
955625472
928104448
798109696
1004982272
844754944
855998464
912203776
836771840
907587584
853323776
920739840
907038720
857153536
989032448
857047040
857305088
1072193536
857989120
773767168
773808128
774053888
786751488
787042304
1000542208
803954688
905596928
893452288
773836800
905162752
844681216
840802304
902983680
827912192
905326592
938479616
864038912
908439552
861749248
866230272
1002541056
880594944
828469248
943640576
815652864
891543552
848797696
859889664
880381952
879026176
928460800
857784320
904699904
932933632
868532224
959758336
1023385600
976633856
861224960
773836800
898580480
827428864
839012352
839053312
880496640
1025921024
777224192
893685760
892076032
773795840
903364608
925626368
845733888
953044992
872128512
830808064
831504384
959815680
893431808
904511488
912224256
807321600
950050816
883568640
845766656
898269184
894521344
773795840
976244736
924246016
773877760
864169984
851775488
985964544
837169152
911917056
967442432
832319488
931794944
874844160
806572032
962543616
790474752
881516544
908644352
830210048
973144064
907358208
812498944
999510016
818069504
782012416
782053376
852717568
956436480
871448576
808603648
989851648
879529984
857042944
857329664
857124864
911400960
876961792
807342080
956952576
864993280
864038912
915632128
813072384
943996928
862425088
831471616
967163904
826040320
852615168
887508992
821350400
774086656
786763776
786968576
924614656
836796416
876064768
936882176
815116288
824623104
860737536
945041408
842752000
849887232
929628160
822931456
934633472
910565376
854065152
920403968
830078976
826597376
826597376
1005539328
1007878144
940105728
860069888
852832256
834699264
834875392
978444288
823906304
824156160
909656064
963010560
810000384
841707520
944947200
793518080
888913920
857001984
955674624
896729088
863559680
937422848
896745472
870596608
1002102784
900632576
862380032
818020352
818020352
818020352
818020352
818020352
773799936
933081088
863428608
802877440
793452544
958976000
922910720
855789568
953257984
874188800
823218176
894230528
949235712
812077056
871440384
872378368
881201152
944279552
842432512
915935232
897761280
896290816
1010102272
837517312
973074432
951947264
840835072
837578752
1035829248
1027342336
818200576
773881856
972046336
831561728
793522176
975958016
880201728
876023808
932261888
841146368
854421504
881090560
897052672
910839808
876314624
938979328
883630080
884543488
941957120
854388736
854388736
854429696
968970240
827375616
842862592
953544704
860680192
857358336
982106112
903368704
773963776
879284224
807133184
807378944
1005236224
912363520
773922816
807272448
845148160
940400640
918302720
846479360
870715392
847929344
927432704
897544192
847986688
897970176
861016064
900751360
986796032
879517696
1053118464
991625216
906887168
895303680
870891520
1067409408
904753152
843755520
973066240
904589312
773963776
881500160
814297088
864710656
911269888
842928128
1000726528
910991360
796426240
959541248
919887872
784797696
998498304
838189056
831516672
977408000
876986368
897785856
843317248
925646848
874631168
927858688
917131264
877961216
907694080
949870592
859107328
869109760
821149696
897114112
853721088
1020354560
888418304
773869568
895897600
908095488
905854976
985907200
850669568
819888128
910557184
925769728
790790144
862748672
842510336
907382784
936112128
836861952
824389632
959545344
895557632
907042816
855031808
842936320
1044287488
861208576
848257024
912076800
833294336
1013280768
1021853696
927965184
810635264
959078400
852541440
925483008
912302080
852680704
1017995264
1010315264
900001792
888074240
891908096
773840896
773963776
972394496
908558336
832561152
836452352
836575232
939978752
879161344
915726336
920436736
851460096
858947584
969056256
883900416
774127616
773840896
991621120
861081600
855236608
914386944
820162560
821796864
905469952
865890304
928653312
947486720
823353344
917188608
897409024
855814144
1032187904
878522368
886329344
1015398400
920240128
876105728
836071424
899919872
984043520
935694336
882380800
917630976
889937920
803905536
1022173184
905035776
917856256
931053568
907726848
931196928
889286656
914444288
966549504
945995776
907689984
884129792
916574208
1025150976
891506688
866697216
1018494976
949547008
865624064
873979904
934113280
830197760
823902208
846393344
846393344
927948800
967073792
846569472
846516224
846544896
870240256
899567616
870154240
893648896
870096896
917250048
1011236864
914841600
774127616
969744384
773873664
774127616
823353344
870846464
933400576
809967616
810008576
880570368
988749824
812388352
860168192
929255424
805486592
877785088
868196352
894382080
897138688
858054656
995323904
920535040
814063616
994070528
876474368
774127616
891543552
821137408
890118144
915943424
829677568
964882432
856702976
855531520
930541568
822419456
893952000
929546240
899055616
935415808
819462144
843046912
995909632
912723968
804491264
1018863616
902963200
821583872
904101888
919318528
882728960
1034035200
870903808
824844288
930443264
776953856
850104320
876015616
859660288
912760832
866758656
938491904
939257856
881516544
918310912
831078400
892796928
923303936
844410880
1008902144
891904000
813608960
927285248
883855360
796188672
874418176
911683584
860643328
866312192
853254144
932134912
869662720
834428928
852271104
841207808
841392128
917024768
774541312
774213632
818143232
897564672
804368384
930693120
882200576
870875136
885428224
846864384
927174656
909266944
839938048
1000341504
906838016
815767552
1049387008
821735424
831696896
926945280
815837184
880361472
874893312
833093632
908607488
849027072
916541440
922386432
859164672
1025363968
899162112
838725632
942141440
889290752
907300864
917454848
890437632
943038464
887967744
953184256
899231744
880128000
1000181760
925913088
823181312
955686912
918577152
889376768
889294848
931520512
915546112
821645312
960667648
873123840
837369856
914956288
816939008
794497024
921186304
1082380288
905584640
829894656
922329088
843292672
872235008
870678528
914296832
985526272
855105536
868536320
915087360
803323904
972849152
912908288
775016448
972906496
901697536
802631680
930521088
774955008
916254720
865247232
888688640
1006243840
1006243840
1006243840
883146752
775139328
1031032832
860020736
819433472
1025466368
918622208
828243968
970625024
851226624
934002688
903860224
819855360
925970432
895660032
853909504
1042276352
929398784
893775872
1063075840
858959872
876888064
913661952
821657600
906530816
813719552
854069248
997998592
861609984
814104576
995057664
875835392
824422400
1025757184
763830272
764116992
830545920
830668800
1027653632
811573248
804249600
854073344
877170688
944816128
847405056
972263424
909115392
884834304
1025638400
878391296
824778752
970321920
893538304
917254144
909930496
807501824
856014848
905203712
816017408
960401408
839839744
910483456
875610112
831262720
985526272
851607552
842682368
974733312
829288448
939995136
898338816
833675264
890761216
826216448
826216448
826462208
1048420352
859639808
859639808
859639808
933355520
859680768
859762688
859762688
908976128
868356096
874684416
859721728
859680768
859721728
953782272
901402624
892223488
926236672
827834368
850972672
853262336
891211776
889036800
844591104
979513344
879955968
926023680
1045811200
986198016
1043607552
924426240
930869248
1022312448
947245056
979877888
933146624
1025269760
1027801088
936124416
995880960
886468608
1031098368
1020456960
924065792
1165524992
1029459968
1082777600
1060716544
960966656
1198825472
963653632
1080684544
1019715584
941084672
1074819072
985038848
1100681216
906108928
951504896
1046519808
926617600
1028149248
1089101824
1018003456
1088307200
907251712
1069449216
1005506560
1000599552
929173504
925184000
1038479360
1056223232
921616384
1000755200
906473472
1028718592
1009688576
967393280
1159229440
1028583424
1171148800
1017847808
1024528384
1180790784
1071071232
1033998336
1082486784
982384640
1049190400
1005109248
995483648
1066979328
922337280
1030438912
1058779136
1006526464
1150177280
956841984
1080770560
1013805056
898056192
1085444096
964829184
1049886720
915709952
941883392
1037500416
959815680
1008795648
856805376
912879616
979873792
909631488
1079009280
1078403072
990162944
1001713664
922902528
1090301952
984014848
960225280
979001344
869298176
1057193984
996163584
926609408
1004421120
864788480
1042042880
895201280
929398784
1183887360
1041768448
1095266304
1075486720
996925440
1135845376
1114619904
1039888384
1041051648
945217536
1067642880
1009328128
1026469888
1012490240
998326272
1170915328
1023700992
964431872
1166491648
1074016256
1084395520
1075937280
981196800
1096089600
968114176
1012981760
1017741312
905318400
1065787392
953016320
1024131072
1004576768
893284352
1063477248
914243584
924893184
1148047360
1085960192
1145810944
1021186048
952807424
1100480512
946044928
1075204096
917848064
953028608
1169616896
1076174848
1005715456
1137016832
1005715456
938393600
1010483200
903221248
1040461824
1073725440
1070579712
1261101056
911806464
991793152
1180635136
1014390784
1131905024
877776896
912764928
1141661696
976781312
1058414592
1047117824
860545024
1029697536
951513088
899117056
932941824
936751104
1033728000
952909824
882040832
1159819264
1183227904
1227800576
1055465472
1149472768
1018925056
974897152
1212071936
1032560640
1003696128
1000615936
951922688
940675072
977514496
881991680
859783168
957104128
894554112
951975936
1018601472
924315648
934940672
948150272
953663488
934842368
934899712
958423040
948154368
911339520
934977536
958332928
957521920
934862848
911294464
981938176
1010323456
951492608
937721856
928104448
928075776
980008960
1041227776
928243712
951631872
928141312
988459008
979501056
928112640
928276480
928071680
928317440
951242752
883777536
941690880
949710848
943005696
934395904
892510208
905396224
905355264
906027008
919527424
930807808
992985088
897335296
942137344
930746368
980824064
1048403968
1079869440
980172800
1036582912
1031946240
940298240
904409088
976539648
1001881600
889901056
763699200
919314432
911806464
848125952
874876928
847998976
945164288
968609792
854069248
858886144
912986112
937443328
814620672
971587584
881803264
809811968
887377920
834457600
895549440
878845952
910426112
867729408
820654080
895406080
858185728
820678656
820760576
892571648
881000448
873529344
932794368
871313408
892522496
887971840
864714752
888111104
841072640
841031680
864677888
850919424
841113600
959385600
859418624
852029440
869261312
895635456
882470912
913317888
929468416
845627392
917639168
901001216
874856448
906014720
931667968
865701888
890896384
902377472
909524992
903081984
862404608
909938688
927137792
862486528
885993472
921272320
909914112
938287104
829083648
980480000
899862528
916463616
1031966720
928473088
965980160
940720128
905576448
962482176
964255744
963338240
874442752
865460224
998875136
915836928
1012142080
911011840
933556224
980484096
965476352
1117331456
994586624
1071177728
1058160640
964382720
1048276992
989159424
971808768
978804736
895008768
1099526144
1013424128
1038245888
994959360
963981312
1098461184
984616960
999768064
1105313792
967110656
1080401920
971067392
1000902656
1007276032
934027264
962453504
923467776
963338240
996335616
894349312
923676672
852045824
866152448
1109622784
876978176
1012867072
1061978112
980357120
1039892480
929759232
1076977664
994136064
997015552
990322688
881106944
1012563968
1016909824
932265984
964395008
930848768
1127112704
944193536
1074053120
1063854080
970231808
1014992896
925835264
1067589632
1092452352
997883904
959483904
927555584
1082945536
1055690752
967815168
1017274368
937517056
881594368
1076740096
883326976
1069215744
1097854976
1004605440
980631552
933830656
1037967360
1072443392
933642240
978329600
908943360
1032560640
936996864
977567744
932118528
876236800
1105854464
881852416
967778304
899653632
876236800
1103216640
905875456
1005240320
1050898432
927641600
957210624
844451840
925990912
1042313216
936923136
970084352
900911104
968585216
991387648
932667392
917553152
889950208
1014743040
1022963712
942030848
1176764416
1016172544
1171685376
999391232
1016041472
1114468352
878919680
1046884352
956416000
960430080
1055039488
939155456
927895552
912855040
1034289152
1066811392
939720704
1046458368
1051967488
1119485952
1237934080
1015902208
1091473408
1124675584
1091887104
1108897792
979722240
1031880704
1057107968
951549952
951140352
881963008
1016205312
1015468032
982650880
1047519232
926552064
1145344000
930701312
936259584
1101459456
925704192
1026367488
873795584
968675328
993300480
933572608
1058516992
930512896
927657984
1062756352
927170560
1089130496
1054986240
1044926464
1087451136
949776384
1129820160
968626176
1041829888
1058959360
970235904
1147883520
995635200
1012477952
1072709632
967655424
1046687744
975753216
960192512
1003941888
883048448
987414528
933666816
908316672
1104945152
1130299392
998428672
1213140992
966479872
1014231040
1090801664
1002893312
1121107968
945373184
975908864
990425088
1089826816
1008185344
1080741888
970485760
1033453568
1049964544
990760960
1197461504
1081184256
1052143616
995028992
951885824
1110073344
950550528
991256576
985124864
948412416
1144672256
946667520
1049047040
922615808
1007300608
1072164864
978644992
1144922112
1079799808
997249024
1099440128
979693568
1126576128
1052372992
1059966976
1124745216
979861504
1088102400
1108844544
1059966976
1030688768
976150528
1108144128
1045540864
1043656704
1194725376
1082216448
1206280192
1014824960
1053401088
1076236288
1033052160
1048809472
921251840
983465984
1017495552
982949888
1002840064
923979776
1042313216
938086400
926887936
1133256704
1003491328
1168482304
978747392
983306240
1032933376
979075072
973836288
1115160576
882847744
940490752
1124630528
937541632
1005109248
927502336
961269760
987766784
851763200
923451392
867581952
958386176
949641216
867876864
1041657856
1025576960
966836224
983613440
882438144
1026682880
913465344
962228224
955113472
901287936
1031376896
918532096
963796992
916131840
848670720
1055711232
913199104
1025363968
1054945280
929361920
990830592
911491072
958115840
997728256
902172672
886218752
895860736
1072906240
943566848
960270336
967639040
866799616
1045577728
895971328
937963520
1051734016
901484544
1055821824
863211520
965877760
1033609216
902176768
957906944
841838592
994054144
1039413248
929009664
1006841856
899600384
896962560
1014636544
926228480
1045852160
1102778368
988598272
897998848
862625792
1052360704
968556544
994258944
1035214848
920440832
1122230272
955387904
964026368
931037184
916914176
1033809920
866353152
1044877312
1088471040
959639552
964214784
898072576
1061871616
1038954496
961662976
978747392
875225088
1010106368
980819968
1015390208
934035456
905011200
1023746048
926347264
917651456
914583552
968208384
1000873984
939950080
1063505920
1008332800
998072320
965083136
940818432
1059332096
918343680
975585280
927776768
877780992
915619840
878333952
959303680
911970304
865095680
941047808
936026112
1026301952
1048854528
999809024
978423808
954003456
1066885120
976617472
938962944
912531456
906752000
1063706624
964292608
956870656
946913280
882438144
985280512
900141056
1052766208
1041960960
1046573056
1029136384
963207168
1081507840
974827520
1013743616
970510336
959938560
1019596800
925646848
1021349888
920137728
999174144
980926464
943554560
1097105408
1005207552
1036193792
1049501696
950169600
1071108096
943988736
1013006336
936275968
921321472
983461888
889282560
958930944
911364096
1002549248
1017339904
958545920
1022242816
1002270720
1026748416
946745344
949248000
1010999296
1000243200
990945280
951222272
980701184
1044340736
947380224
961835008
944787456
1034391552
932245504
922619904
954638336
878637056
938979328
938823680
917782528
1036861440
901369856
1006014464
863830016
965689344
984756224
961716224
938323968
870977536
1027862528
1012432896
930873344
941068288
917553152
1039880192
949080064
958836736
998887424
891293696
951549952
962785280
1010085888
1009283072
964784128
952094720
890773504
1003438080
949596160
955514880
935297024
895422464
968216576
995258368
972910592
1016315904
1004097536
961150976
991227904
1021296640
971001856
973910016
900825088
919629824
959090688
940150784
961908736
900866048
904101888
990957568
926416896
1006346240
990785536
1001394176
969666560
922869760
1011167232
990625792
1012158464
973385728
949436416
972926976
962928640
941580288
937381888
938893312
949407744
934645760
1042591744
995471360
986722304
1014026240
986259456
1116659712
1003106304
1067089920
1011212288
1036337152
1062363136
921788416
947798016
946053120
942161920
992538624
987070464
994795520
923516928
970526720
924643328
901738496
1054183424
956936192
941326336
990957568
949948416
1043111936
961822720
1045663744
919359488
952668160
992157696
872587264
963211264
920264704
956915712
1088262144
953901056
1054777344
1000660992
1029345280
954265600
914350080
1102938112
943620096
996249600
967094272
954834944
993038336
927117312
995512320
943841280
992317440
914878464
901537792
1045524480
981405696
1000763392
934854656
993296384
1054179328
965238784
974721024
953573376
950362112
998326272
1001447424
951181312
941371392
946950144
964014080
913948672
969076736
956940288
967168000
964263936
951951360
1034805248
1008861184
960684032
923852800
951410688
1042685952
1015173120
929677312
942612480
981139456
993304576
930525184
1047416832
951324672
969330688
920170496
969191424
1019596800
948568064
989945856
974712832
971681792
975405056
957411328
942415872
929902592
970960896
932810752
907677696
936255488
880631808
964673536
945565696
990744576
1001709568
895746048
928681984
911278080
936034304
1000144896
914137088
939307008
877658112
989339648
914497536
878985216
911663104
854228992
1015549952
868646912
935837696
1019998208
875307008
1029963776
944848896
955555840
1026220032
863178752
902742016
882577408
978219008
960970752
926486528
937697280
935194624
977813504
964960256
942125056
1046974464
980918272
1073000448
1006026752
932249600
1006178304
926601216
926789632
922537984
1016221696
1002622976
921161728
928653312
922537984
960991232
948948992
894578688
978354176
894001152
1035214848
998793216
911179776
1072431104
972611584
928993280
912052224
1001107456
1014009856
957779968
1000534016
903487488
940314624
920399872
955932672
986017792
926605312
956338176
931074048
954699776
1008619520
901623808
972185600
924291072
925569024
897867776
948113408
957804544
887943168
976179200
909037568
974708736
967147520
1020948480
933253120
938209280
974897152
911839232
943374336
995983360
953585664
983777280
981139456
950743040
941809664
1035759616
1010847744
882958336
913731584
902021120
958283776
960679936
870817792
948649984
903471104
948088832
991330304
962777088
965660672
906043392
1002872832
960946176
950419456
963788800
948445184
964907008
943484928
874070016
912662528
868245504
1016217600
1009602560
1027256320
980258816
980488192
1013100544
914108416
1010311168
897761280
954105856
952512512
911228928
968646656
937295872
974303232
949354496
926494720
1024634880
959864832
977350656
938799104
882900992
1020063744
927961088
906153984
977674240
958361600
985178112
932958208
939286528
902275072
957145088
961372160
927477760
1047572480
967446528
1010696192
984780800
955949056
991010816
912785408
1039503360
947630080
1012396032
967532544
960344064
989356032
924160000
1025265664
993062912
910598144
963801088
905191424
954941440
1028706304
959692800
988528640
934187008
1045118976
991825920
944943104
965021696
979345408
979263488
955031552
978145280
1008189440
928137216
944275456
942247936
943525888
965586944
942530560
1004969984
972263424
1030115328
1049513984
974266368
977346560
953257984
1012637696
1026457600
958283776
945676288
971608064
931561472
900284416
957227008
1022898176
939700224
876994560
873123840
906911744
887484416
867594240
879632384
898113536
893624320
827219968
827219968
882233344
959217664
879144960
882397184
863256576
863342592
997240832
844062720
810274816
987537408
855416832
899702784
856227840
862691328
948494336
856272896
837849088
898392064
914391040
818126848
1043374080
878829568
878096384
872919040
896802816
919273472
871034880
894464000
907886592
852504576
940154880
872894464
878039040
859549696
848162816
814571520
994500608
863371264
990310400
1052471296
955539456
956911616
837439488
839442432
1032028160
887197696
898924544
953102336
822657024
827457536
918392832
855949312
856113152
837898240
860479488
830980096
831135744
916197376
876589056
961630208
937984000
843243520
1110159360
936992768
984666112
934064128
918237184
1138176000
930930688
1024274432
1041387520
857333760
874885120
968507392
819544064
985722880
907763712
965685248
958857216
851095552
1068748800
1006882816
965849088
993947648
963768320
1117941760
957485056
937136128
923693056
879398912
1064349696
961855488
922259456
934768640
888578048
1081565184
892358656
936304640
1162690560
954847232
1120182272
924672000
980955136
1109237760
911417344
1070395392
912941056
980877312
1138745344
994271232
1008685056
1047162880
973438976
1030950912
959119360
987746304
1150042112
1020579840
1168199680
1029414912
907108352
1126842368
970891264
1062309888
962945024
951820288
1036922880
963375104
1024253952
907661312
889118720
1118232576
916013056
978079744
1183936512
1193558016
981315584
1182752768
977203200
1080049664
1023975424
928239616
951832576
889503744
965365760
1038278656
855248896
1002041344
881340416
955215872
948727808
893579264
1095315456
1072517120
968241152
936050688
863563776
1043484672
943456256
918589440
974921728
838000640
1036324864
931958784
957759488
976023552
860852224
1072812032
878125056
944332800
1144963072
1120849920
1086894080
1100947456
947339264
990330880
1066061824
958074880
1077370880
969588736
1025413120
1047613440
927010816
947986432
867520512
1033977856
994635776
968486912
1198452736
1041518592
1013559296
1014538240
1003880448
1100124160
993349632
1029292032
1005051904
991330304
1127153664
989622272
973053952
908726272
841244672
1044770816
967892992
1005293568
926859264
886063104
1034989568
930881536
929865728
1122140160
1060675584
1090912256
1104101376
1044140032
1199362048
1031757824
1062465536
1049870336
882446336
1046671360
1007493120
1036652544
960876544
891379712
1022509056
968896512
927236096
1150717952
1074262016
1047089152
1117200384
1002590208
1108021248
1062526976
1009901568
1000112128
846196736
991186944
880689152
903483392
930885632
851722240
1054769152
944152576
878026752
1109012480
1051889664
1004052480
1105190912
894164992
1053511680
989663232
989798400
1017274368
934440960
1006637056
1025105920
949448704
905940992
912187392
1065357312
987955200
929693696
1203318784
981323776
1012973568
957452288
952893440
1124720640
1084932096
962682880
945008640
973832192
1132113920
1004371968
1000972288
894124032
873959424
1014120448
955981824
928927744
1138987008
1042952192
1063768064
992448512
920920064
1112502272
958124032
933638144
954736640
878358528
943484928
1132019712
972816384
1167450112
1005752320
1045106688
1039663104
984666112
1183989760
1110478848
1081122816
1070886912
1032912896
1161535488
1070022656
1023578112
1036423168
942706688
825061376
1019027456
929787904
820137984
973144064
849645568
929824768
926445568
827830272
869380096
811061248
944967680
849559552
822345728
1019088896
896081920
870612992
977989632
869765120
929415168
878669824
787456000
903884800
846536704
902164480
904769536
812470272
850714624
863997952
878747648
852140032
817287168
1001762816
882110464
848171008
998744064
847540224
848793600
964395008
822108160
919478272
862896128
922853376
857853952
812363776
812339200
826462208
826462208
826789888
898576384
794464256
943685632
875859968
809684992
853106688
856702976
868560896
831442944
975425536
911085568
868319232
871677952
896995328
942284800
913113088
814776320
933470208
887595008
831733760
987701248
849756160
883142656
914120704
828014592
1033269248
862584832
780939264
878059520
798027776
927936512
900878336
734289920
645664768
645664768
645664768
645664768
645664768
645664768
645664768
645664768
645664768
645664768
645664768
645664768
645664768
645664768
645664768
645664768
645664768
645664768
645664768
645664768
645664768
645664768
645664768
645664768
645664768
645664768
645664768
645664768
645664768
645664768
645664768
645664768
645664768
645664768
645664768
645664768
645664768
645664768
645664768
645664768
645664768
645664768
645664768
645664768
645664768
645664768
645664768
645664768
645664768
645664768
645664768
645664768
645664768
645664768
645664768
645664768
645664768
645664768
645664768
645664768
645664768
645664768
645664768
645664768
645664768
645664768
645664768
645664768
645664768
645664768
645664768
645664768
645664768
645664768
645664768
645664768
645664768
645664768
645664768
645664768
645664768
645664768
645664768
645664768
645664768
645664768
645664768
645664768
645664768
645664768
645664768
645664768
645664768
645664768
645664768
645664768
645664768
645664768
645664768
645664768
645664768
645664768
645664768
645664768
645664768
645664768
645664768
645664768
645664768
645664768
645664768
645664768
645664768
645664768
645664768
645664768
645664768
645664768
645664768
645664768
645664768
645664768
645664768
645664768
645664768
645664768
645664768
645664768
645664768
645664768
645664768
645664768
645664768
645664768
645664768
645664768
645664768
645664768
645664768
645664768
645664768
645664768
645664768
645664768
645664768
645664768
645664768
645664768
645664768
645664768
645664768
645664768
645664768
645664768
645664768
645664768
645664768
645664768
645664768
645664768
645664768
645664768
645664768
645664768
645664768
645664768
645664768
645664768
645664768
645664768
645664768
645664768
645664768
645664768
645664768
645664768
645664768
645664768
645664768
645664768
645664768
645664768
645664768
645664768
645664768
645664768
645664768
645664768
645664768
645664768
645664768
645664768
645664768
645664768
645664768
645664768
645664768
645664768
645664768
645664768
645664768
645664768
645664768
645664768
645664768
645668864
645668864
